tree
version=v4
num_class=1
num_tree_per_iteration=1
label_index=0
max_feature_idx=27
objective=quantile
feature_names=session_median_price sire_sold_count_36m sire_total_offered_36m sire_clearance_rate_36m sire_median_price_36m sire_sold_count_12m sire_total_offered_12m sire_clearance_rate_12m sire_median_price_12m sire_momentum dam_progeny_sold_count dam_progeny_total_offered_count dam_progeny_median_price vendor_sold_count_36m vendor_total_offered_36m vendor_clearance_rate_36m vendor_median_price_36m log_session_median_price log_sire_median_price_36m log_sire_median_price_12m log_dam_progeny_median_price log_vendor_median_price_36m sex_encoded vendor_volume_bucket_encoded sale_company_encoded sire_sample_flag_36m dam_first_foal_flag vendor_first_seen_flag
feature_infos=[4000:27000] [0:66] [0:71] [0:100] [0:88000] [0:28] [0:28] [0:100] [0:88000] [-34500:62000] [0:2] [0:2] [0:110000] [0:78] [0:84] [0:100] [0:110000] [8.2942996088572354:10.203629181337648] [0:11.385103457032141] [0:11.385103457032141] [0:11.608244735642321] [0:11.608244735642321] [0:4] [0:3] [0:1] [0:1] [0:1] [0:1]
tree_sizes=2726 2794 2794 2813 2787 2799 2795 2807 2789 2797 2822 2820 2842 2829 2829 2818 2827 2829 2809 2823 2812 2818 2833 2829 2832 2820 2820 2807

Tree=0
num_leaves=31
num_cat=0
split_feature=19 6 19 22 16 16 16 7 1 15 3 16 16 16 2 16 22 18 18 22 1 1 5 16 3 18 6 2 1 3
split_gain=4.34809 2.9748 2.92552 1.47478 1.1601 0.94263 1.97667 1.14669 0.931171 1.97739 0.888961 0.87396 0.85539 2.86531 1.39592 1.37967 1.02128 1.01971 0.884196 0.796053 0.806061 0.731246 0.677185 0.689284 0.723445 0.624482 0.620606 0.555886 0.508315 0.498953
threshold=10.194283464224521 2.5000000000000004 9.2348330683412581 1.5000000000000002 4750.0000000000009 15250.000000000002 28250.000000000004 93.950000000000003 28.500000000000004 91.300000000000026 97.950000000000017 31250.000000000004 16250.000000000002 5250.0000000000009 1.0000000180025095e-35 29250.000000000004 2.5000000000000004 10.106260939089539 8.0837523831975187 1.5000000000000002 18.500000000000004 1.0000000180025095e-35 6.5000000000000009 17750.000000000004 95.100000000000009 10.448638563211228 5.5000000000000009 6.5000000000000009 9.5000000000000018 92.000000000000014
decision_type=2 2 2 2 2 2 2 2 2 2 2 2 2 2 2 2 2 2 2 2 2 2 2 2 2 2 2 2 2 2
left_child=1 12 8 4 -4 7 -7 -5 11 -10 -8 19 13 16 -15 18 25 21 -14 29 26 -17 27 -24 -25 -1 -21 -6 -2 -3
right_child=28 2 3 5 22 6 10 -9 9 -11 -12 -13 15 14 -16 17 -18 -19 -20 20 -22 -23 23 24 -26 -27 -28 -29 -30 -31
leaf_value=-0.55349597036838527 -0.53566222190856938 -0.58274264931678776 -0.52805757764726879 -0.56933906376361842 -0.55362384691834454 -0.53757749944925304 -0.54236552603542809 -0.56503895968198781 -0.59185872673988338 -0.53692811280488972 -0.57389710247516634 -0.57437476515769958 -0.54235920757055278 -0.5572013676166534 -0.58666774332523342 -0.55349597036838527 -0.5428172633051872 -0.56120350360870364 -0.53566222190856938 -0.56982932239770889 -0.57158547043800356 -0.53792864643037319 -0.5572013676166534 -0.5245050441473722 -0.5453037835657597 -0.51538896635174747 -0.56120350360870364 -0.5795157253742218 -0.51538896635174747 -0.57158547043800356
leaf_weight=296 109 23 43 23 27 63 20 58 20 33 35 20 79 24 31 47 157 21 77 30 21 24 37 21 55 26 25 21 61 53
leaf_count=296 109 23 43 23 27 63 20 58 20 33 35 20 79 24 31 47 157 21 77 30 21 24 37 21 55 26 25 21 61 53
internal_value=-0.550394 -0.551305 -0.553868 -0.551318 -0.548331 -0.55438 -0.551529 -0.558534 -0.558435 -0.552641 -0.558455 -0.560221 -0.549247 -0.550374 -0.561183 -0.546821 -0.549133 -0.551677 -0.543957 -0.558928 -0.562546 -0.548814 -0.550279 -0.548166 -0.545441 -0.550745 -0.559365 -0.555255 -0.54284 -0.555309
internal_weight=1580 1410 628 403 204 199 118 81 225 53 55 172 782 534 55 248 479 92 156 152 76 71 161 113 76 322 55 48 170 76
internal_count=1580 1410 628 403 204 199 118 81 225 53 55 172 782 534 55 248 479 92 156 152 76 71 161 113 76 322 55 48 170 76
is_linear=0
shrinkage=1


Tree=1
num_leaves=31
num_cat=0
split_feature=8 9 4 3 13 8 22 21 21 21 1 1 0 13 22 0 1 1 4 21 15 6 6 4 13 13 13 22 8 8
split_gain=4.16785 3.29591 1.54836 1.3926 1.22136 1.63588 1.05054 1.38466 1.63798 1.61605 0.980392 0.921671 0.893092 0.862849 0.822997 1.25058 0.916844 0.906391 0.754203 0.713057 0.693961 0.576991 1.10671 0.976375 0.545254 0.806667 0.789061 0.78634 0.677134 0.515723
threshold=26750.000000000004 -874.99999999999989 23250.000000000004 92.000000000000014 10.500000000000002 6875.0000000000009 2.5000000000000004 9.6957913816908405 9.5287015351875883 10.28363251559559 27.500000000000004 13.500000000000002 17000.000000000004 3.5000000000000004 1.0000000180025095e-35 7000.0000000000009 5.5000000000000009 15.500000000000002 25250.000000000004 8.9550567184098835 81.15000000000002 13.500000000000002 2.5000000000000004 12750.000000000002 3.5000000000000004 2.5000000000000004 7.5000000000000009 1.5000000000000002 11625.000000000002 20750.000000000004
decision_type=2 2 2 2 2 2 2 2 2 2 2 2 2 2 2 2 2 2 2 2 2 2 2 2 2 2 2 2 2 2
left_child=1 2 3 4 5 -1 7 8 14 18 11 13 -10 -5 16 -16 -3 -18 21 -13 -12 22 -9 -24 25 28 -26 -28 -11 -25
right_child=-2 6 -4 10 -6 -7 -8 9 12 24 20 19 -14 -15 15 -17 17 -19 -20 -21 -22 -23 23 29 26 -27 27 -29 -30 -31
leaf_value=0.0027881328016519562 0.013901740992441776 -0.0054711629822850223 0.016082083545625209 0.0030379918217659009 -0.039721781909465792 -0.040456515252590176 0.0068676083534955972 0.013664897680282596 -0.020065675675868991 -0.010792008265852929 -0.026047665774822239 -0.0060780856013298024 -0.030336023643612865 -0.017323071882128716 -0.017851164750754833 -0.0037489169836044337 0.01338332913815975 -0.017235264480113983 0.012430447526276112 -0.033637323714792729 0.012462301328778271 0.022734391167759896 -0.041801834274083377 0.016154090967029335 -0.019067705497145655 0.021544682458043099 0.0063677567616105104 -0.0098108170926570898 0.008568387068808081 -0.013279645210132002
leaf_weight=22 170 122 32 31 21 23 158 112 29 27 23 21 23 41 59 200 71 25 35 43 45 39 20 23 32 25 38 27 23 20
leaf_count=22 170 122 32 31 21 23 158 112 29 27 23 21 23 41 59 200 71 25 35 43 45 39 20 23 32 25 38 27 23 20
internal_value=-0.000189873 -0.00108156 -0.00571192 -0.00694444 -0.0132576 -0.00861111 0.000180505 -0.000447368 -0.00215028 0.0016924 -0.00490196 -0.00735294 -0.0105769 -0.00347222 -0.00123166 -0.00313707 0.00103211 0.0046875 0.00426707 -0.0117188 0 0.00315421 0.00192857 -0.00337302 -0.00203488 0.00116667 -0.00451031 -0.00134615 -0.0025 0.000872093
internal_weight=1580 1410 302 270 66 45 1108 950 529 421 204 136 52 72 477 259 218 96 249 64 68 214 175 63 172 75 97 65 50 43
internal_count=1580 1410 302 270 66 45 1108 950 529 421 204 136 52 72 477 259 218 96 249 64 68 214 175 63 172 75 97 65 50 43
is_linear=0
shrinkage=0.05


Tree=2
num_leaves=31
num_cat=0
split_feature=8 9 18 3 14 8 22 16 16 16 0 1 22 0 1 1 1 14 15 18 15 6 6 18 8 1 16 16 18 8
split_gain=4.13226 3.1133 1.49945 1.4755 1.22136 1.63588 1.05054 1.38466 1.63798 1.61605 0.893092 0.884804 0.822997 1.25058 0.916844 0.906391 0.75531 0.862849 0.760011 0.754203 0.693961 0.576991 1.10671 0.976375 0.515723 0.508315 0.495105 0.56358 0.45873 0.454294
threshold=26750.000000000004 -874.99999999999989 10.054045612322692 92.000000000000014 11.500000000000002 6875.0000000000009 2.5000000000000004 16250.000000000002 13750.000000000002 29250.000000000004 17000.000000000004 27.500000000000004 1.0000000180025095e-35 7000.0000000000009 5.5000000000000009 15.500000000000002 13.500000000000002 3.5000000000000004 91.300000000000026 10.13657202455712 81.15000000000002 13.500000000000002 2.5000000000000004 9.4531727383263675 20750.000000000004 9.5000000000000018 25250.000000000004 8125.0000000000009 9.6957913816908405 7500.0000000000009
decision_type=2 2 2 2 2 2 2 2 2 2 2 2 2 2 2 2 2 2 2 2 2 2 2 2 2 2 2 2 2 2
left_child=1 2 3 4 5 -1 7 8 12 19 -10 16 14 -14 -3 -16 17 -5 -18 21 -13 22 -9 -24 -25 26 27 -2 -22 -11
right_child=25 6 -4 11 -6 -7 -8 9 10 29 -12 20 13 -15 15 -17 18 -19 -20 -21 28 -23 23 24 -26 -27 -28 -29 -30 -31
leaf_value=0.0026487261615693609 0.026088024045806381 -0.0051976048331707717 0.015277979368343948 0.0028860922306776062 -0.037735692813992507 -0.038433689489960669 0.0065242279358208146 0.012981652796268468 -0.019062391892075536 -0.0064552250811830197 -0.028819222461432221 -0.024745282486081127 -0.016958606513217091 -0.0035614711344242101 0.012714162681251763 -0.016373501256108283 -0.0043913966710679214 -0.016456918288022284 -0.035434785665944213 0.011808925149962308 0.021958754967898134 0.021597671609371899 -0.03971174256037921 0.015346386418677867 -0.012615662949625401 0.032229403409641234 0.012969810630660506 -0.0014142921906895923 -0.0084340685494244064 0.00086455552093684664
leaf_weight=22 21 122 32 31 21 23 158 112 29 88 23 23 59 200 71 25 22 41 42 35 24 39 20 23 20 61 59 29 21 84
leaf_count=22 21 122 32 31 21 23 158 112 29 88 23 23 59 200 71 25 22 41 42 35 24 39 20 23 20 61 59 29 21 84
internal_value=-0.000158228 -0.0010461 -0.00554636 -0.00675926 -0.0132576 -0.00861111 0.000180505 -0.000447368 -0.00215028 0.0016924 -0.0105769 -0.00465686 -0.00123166 -0.00313707 0.00103211 0.0046875 -0.00698529 -0.00347222 -0.0109375 0.00426707 0 0.00315421 0.00192857 -0.00337302 0.000872093 0.00720588 0.00516055 0.0015 0.00361111 -0.00203488
internal_weight=1580 1410 302 270 66 45 1108 950 529 421 52 204 477 259 218 96 136 72 64 249 68 214 175 63 43 170 109 50 45 172
internal_count=1580 1410 302 270 66 45 1108 950 529 421 52 204 477 259 218 96 136 72 64 249 68 214 175 63 43 170 109 50 45 172
is_linear=0
shrinkage=0.05


Tree=3
num_leaves=31
num_cat=0
split_feature=19 9 18 22 16 16 16 18 0 1 9 1 14 5 22 0 1 1 16 16 19 22 16 19 16 16 6 2 19 18
split_gain=3.94638 2.96785 1.49945 1.12723 1.13979 1.63798 1.32186 0.893658 0.893092 0.866423 1.30188 1.2358 1.0402 0.887938 0.822997 1.25058 0.916844 0.906391 0.751111 0.573745 0.454294 0.848216 0.534783 0.444459 0.442901 0.382275 0.380121 1.50588 0.491915 0.468982
threshold=10.194283464224521 -874.99999999999989 10.054045612322692 2.5000000000000004 16250.000000000002 13750.000000000002 29250.000000000004 10.13657202455712 17000.000000000004 28.500000000000004 -7374.9999999999991 18.500000000000004 11.500000000000002 4.5000000000000009 1.0000000180025095e-35 7000.0000000000009 5.5000000000000009 15.500000000000002 19250.000000000004 15750.000000000002 8.9205650439136637 1.5000000000000002 37750.000000000007 8.9205650439136637 32250.000000000004 7250.0000000000009 2.5000000000000004 7.5000000000000009 9.9402771395220029 8.7985786056231721
decision_type=2 2 2 2 2 2 2 2 2 2 2 2 2 2 2 2 2 2 2 2 2 2 2 2 2 2 2 2 2 2
left_child=1 2 9 4 5 14 7 26 -7 10 -1 12 13 18 16 -16 -3 -18 -12 25 22 24 -8 -17 -22 -11 29 -28 -29 -6
right_child=-2 3 -4 -5 6 8 20 -9 -10 19 11 -13 -14 -15 15 23 17 -19 -20 -21 21 -23 -24 -25 -26 -27 27 28 -30 -31
leaf_value=0.0011743529587343829 0.013040525240194984 -0.0049377245915122325 0.01451408039992675 0.006198016539029772 0.010033406740427015 -0.018109272297471758 -0.0028683255942072747 0.01121847889246419 -0.027378261338360611 -0.0087738589890301259 -0.018386544859316203 -0.020734031370840969 -0.029726641054265202 0.002228779591294007 -0.016110676187556235 -0.0013490158006548903 0.012078454547189171 -0.015554826193302868 -0.0049223471716511999 0.0099701375223696272 0.0025181512449868049 -0.014786853985022759 -0.014087525131506845 -0.016747390391677618 0.01955505485357717 -0.035848908173292886 -0.039683319727377965 0.017500292873173017 -0.0037028053090441995 0.012332570156455043
leaf_weight=30 170 122 32 158 87 29 51 35 23 27 25 41 30 38 59 178 71 25 20 38 25 37 37 22 22 21 30 47 25 25
leaf_count=30 170 122 32 158 87 29 51 35 23 27 25 41 30 38 59 178 71 25 20 38 25 37 37 22 22 21 30 47 25 25
internal_value=-0.00028481 -0.00115248 -0.00554636 4.51264e-05 -0.000605263 -0.00215028 0.0013361 0.00366466 -0.0105769 -0.00675926 -0.00869565 -0.0105519 -0.00785398 -0.00496988 -0.00123166 -0.00313707 0.00103211 0.0046875 -0.00972222 -0.00261628 -0.00203488 0.000595238 -0.00454545 -0.00125 0.00505319 -0.00625 0.00245327 0.000245098 0.00416667 0.00446429
internal_weight=1580 1410 302 1108 950 529 421 249 52 270 184 154 113 83 477 259 218 96 45 86 172 84 88 200 47 48 214 102 72 112
internal_count=1580 1410 302 1108 950 529 421 249 52 270 184 154 113 83 477 259 218 96 45 86 172 84 88 200 47 48 214 102 72 112
is_linear=0
shrinkage=0.05


Tree=4
num_leaves=31
num_cat=0
split_feature=8 9 4 3 14 8 1 1 14 15 15 16 16 16 4 0 14 6 2 14 14 14 3 8 4 6 4 4 2 4
split_gain=4.12182 2.73316 1.49945 1.4755 1.22136 1.63588 0.884804 0.75531 0.862849 0.760011 0.693961 0.553302 2.03976 1.24863 0.933223 0.893092 0.64509 1.06522 0.754588 0.482767 0.761261 0.712119 0.742109 0.677134 0.45873 0.457434 0.444357 0.419189 0.958279 0.581464
threshold=26750.000000000004 -874.99999999999989 23250.000000000004 92.000000000000014 11.500000000000002 6875.0000000000009 27.500000000000004 13.500000000000002 3.5000000000000004 91.300000000000026 81.15000000000002 16250.000000000002 13750.000000000002 29250.000000000004 25250.000000000004 17000.000000000004 4.5000000000000009 4.5000000000000009 16.500000000000004 3.5000000000000004 2.5000000000000004 8.5000000000000018 97.950000000000017 11625.000000000002 16250.000000000002 4.5000000000000009 34500.000000000007 23625.000000000004 3.5000000000000004 9750.0000000000018
decision_type=2 2 2 2 2 2 2 2 2 2 2 2 2 2 2 2 2 2 2 2 2 2 2 2 2 2 2 2 2 2
left_child=1 2 3 4 5 -1 7 8 -5 -9 -8 12 16 14 -13 -14 18 -18 26 20 23 22 -21 -15 -12 -23 27 29 -29 -3
right_child=-2 11 -4 6 -6 -7 10 9 -10 -11 24 13 15 19 -16 -17 17 -19 -20 21 -22 25 -24 -25 -26 -27 -28 28 -30 -31
leaf_value=0.0024048508739261914 0.012388498978185237 0.00094042983643710665 0.013788376379930412 0.0031457317508442832 -0.034818379991734406 -0.035475303446920591 -0.023069325412325564 -0.003422160405999164 -0.01414774032090791 -0.032413109867445306 0.021645831070113933 0.0072327595512213854 -0.01720380868259817 -0.0095057503303582827 0.010657554947840981 -0.026009348271442578 -0.023477301237848587 0.00040998936236835704 -0.014962816344317975 -0.002320444968140223 0.020428507723858926 0.0043561261030076962 -0.021591954194551802 0.0079708323770714962 -0.0085108719980716684 -0.01444620784525294 0.032186576898065394 -0.019667803824022414 0.0037992265734542148 0.011837322009513151
leaf_weight=22 170 378 32 31 21 23 23 22 41 42 24 215 29 27 35 23 23 23 46 21 24 29 26 23 21 22 27 20 39 78
leaf_count=22 170 378 32 31 21 23 23 22 41 42 24 215 29 27 35 23 23 23 46 21 24 29 26 23 21 22 27 20 39 78
internal_value=-0.000443038 -0.00132979 -0.00554636 -0.00675926 -0.0132576 -0.00861111 -0.00465686 -0.00698529 -0.00347222 -0.0109375 0 -0.000180505 -0.00105685 0.00124408 0.0035 -0.0105769 -0.000276025 -0.00597826 0.000170068 -0.00203488 0.00101351 -0.00433673 -0.0087766 -0.0025 0.00361111 -0.000245098 0.000691882 0.000364078 -0.00360169 0.000877193
internal_weight=1580 1410 302 270 66 45 204 136 72 64 68 1108 686 422 250 52 634 46 588 172 74 98 47 50 45 51 542 515 59 456
internal_count=1580 1410 302 270 66 45 204 136 72 64 68 1108 686 422 250 52 634 46 588 172 74 98 47 50 45 51 542 515 59 456
is_linear=0
shrinkage=0.05


Tree=5
num_leaves=31
num_cat=0
split_feature=8 6 13 9 13 22 9 18 13 13 1 13 1 2 22 15 13 1 7 8 22 24 6 18 18 13 13 13 18 22
split_gain=3.14883 2.92733 0.991705 1.66315 0.79414 1.58886 0.888961 0.704167 0.664577 1.95822 0.657217 0.901442 0.60333 0.587453 0.636005 1.04324 0.860119 0.920269 0.704528 0.9 0.583333 0.547086 0.72605 1.34444 0.914502 0.539725 1.13077 0.488141 0.460286 0.735967
threshold=17175.000000000004 2.5000000000000004 45.500000000000007 -7224.9999999999991 2.5000000000000004 1.5000000000000002 -1.0000000180025095e-35 10.381274284184416 11.500000000000002 21.500000000000004 3.5000000000000004 2.5000000000000004 15.500000000000002 3.5000000000000004 1.5000000000000002 96.750000000000014 1.5000000000000002 15.500000000000002 95.450000000000017 23500.000000000004 1.5000000000000002 1.0000000180025095e-35 5.5000000000000009 9.3822194404826931 9.2348330683412581 5.5000000000000009 7.5000000000000009 13.500000000000002 7.7129241327306772 1.5000000000000002
decision_type=2 2 2 2 2 2 2 2 2 2 2 2 2 2 2 2 2 2 2 2 2 2 2 2 2 2 2 2 2 2
left_child=1 8 3 -3 5 12 -7 13 10 -10 25 -12 -5 -2 16 18 -15 -18 -16 -20 -13 27 24 -24 -23 28 -27 -6 29 -1
right_child=7 2 -4 4 21 6 -8 -9 9 -11 11 20 -14 14 15 -17 17 -19 19 -21 -22 22 23 -25 -26 26 -28 -29 -30 -31
leaf_value=-0.0047782291606776389 -0.013486805540917019 0.004295189923603413 0.012268441823718286 -0.0028802908323562002 -0.0035233891202090307 -0.018712470169693306 -0.049029945304296801 0.026456872443655334 -0.020531502045657242 0.014486568493811991 0.0066588580329148082 0.0060911019562010201 -0.034023545498106787 0.027752932609698633 -0.01405342162404093 0.010999426977510083 0.012241191546881103 -0.0083245990893481489 -0.015745942904959603 0.023384039560674232 0.011939833255183217 -0.034778368489301846 0.01869157177761574 -0.013238242173700244 0.0067509664608416398 -0.014329513508924363 0.010678241387043395 -0.028444904825851616 -0.0096147958582305619 0.0058410942202564266
leaf_weight=193 27 47 25 40 57 35 20 48 23 21 96 25 23 56 21 99 69 43 20 20 35 22 36 24 20 26 39 20 84 240
leaf_count=193 27 47 25 40 57 35 20 48 23 21 96 25 23 56 21 99 69 43 20 20 35 22 36 24 20 26 39 20 84 240
internal_value=-0.000112613 -0.0014444 -0.00511518 -0.00581395 -0.00719697 -0.0103814 -0.0165909 0.00369107 0.000287724 -0.00568182 0.000643631 0.00352564 -0.00496032 0.00292254 0.0035061 0.00125 0.00565476 0.003125 -0.00389344 0 0.00833333 -0.00509777 -0.00269608 0.000833333 -0.0077381 -0.000128866 -0.00442308 -0.00827922 0.000411025 0.00106813
internal_weight=1554 1151 369 344 297 118 55 403 782 44 738 156 63 355 328 160 168 112 61 40 60 179 102 60 42 582 65 77 517 433
internal_count=1554 1151 369 344 297 118 55 403 782 44 738 156 63 355 328 160 168 112 61 40 60 179 102 60 42 582 65 77 517 433
is_linear=0
shrinkage=0.05


Tree=6
num_leaves=31
num_cat=0
split_feature=8 6 16 9 13 13 3 15 16 18 13 13 6 18 7 3 23 5 8 2 1 13 6 16 15 18 1 1 13 13
split_gain=3.25627 2.7904 0.826473 0.854102 1.46237 1.08 0.871897 1.05329 1.19127 0.704167 0.636409 1.95822 0.611492 0.655417 0.598645 0.932682 0.781445 0.720256 0.686236 0.587453 0.544176 0.498158 1.48542 0.798541 0.652497 0.444134 0.731907 0.692634 0.686227 1.26007
threshold=17175.000000000004 2.5000000000000004 34500.000000000007 -7224.9999999999991 45.500000000000007 10.500000000000002 92.000000000000014 87.850000000000009 14250.000000000002 10.381274284184416 11.500000000000002 21.500000000000004 1.5000000000000002 10.621054219644728 93.950000000000003 95.750000000000014 2.5000000000000004 9.5000000000000018 11625.000000000002 3.5000000000000004 13.500000000000002 6.5000000000000009 13.500000000000002 17250.000000000004 98.550000000000011 10.230986574717603 7.5000000000000009 2.5000000000000004 5.5000000000000009 7.5000000000000009
decision_type=2 2 2 2 2 2 2 2 2 2 2 2 2 2 2 2 2 2 2 2 2 2 2 2 2 2 2 2 2 2
left_child=1 10 3 5 6 -3 7 -5 -9 19 12 -12 13 25 -8 -16 18 -18 -17 -2 -21 23 -23 -22 -24 27 -27 28 -1 -30
right_child=9 2 -4 4 -6 -7 14 8 -10 -11 11 -13 -14 -15 15 16 17 -19 -20 20 21 22 24 -25 -26 26 -28 -29 29 -31
leaf_value=0.001022662807592549 -0.01281246526387117 0.019774775430926872 -0.015005368876946354 -0.038841605411011497 0.012427385336883957 -0.014656638682320922 0.00096850043810602917 0.008903470992027384 -0.029565822097474648 0.025134028821472566 -0.019504926943374381 0.013762240069121391 0.011858903795529268 0.028701503007094804 -0.02895246009051752 0.005020204443333569 -0.035343291146596192 -0.01160403808814478 -0.012495159876317153 0.011157014451931922 0.00068998987051595295 -0.025695684305684252 -0.0054931595726618772 0.019204859766388915 0.024475135876003584 -0.012427121565502065 0.0019691114808654589 0.0063259151312690665 -0.013613037833478146 0.0090184595797628223
leaf_weight=476 27 30 20 25 20 20 45 20 29 48 23 21 30 24 21 34 27 25 53 165 55 25 20 42 21 29 52 68 22 37
leaf_count=476 27 30 20 25 20 20 45 20 29 48 23 21 30 24 21 34 27 25 53 165 55 25 20 42 21 29 52 68 22 37
internal_value=-0.000176963 -0.00153128 -0.00511518 -0.00454871 -0.0055602 0.0015 -0.00649642 -0.0111486 -0.00688776 0.00369107 0.000159847 -0.00568182 0.00050813 0.000211864 -0.00481707 -0.00625 -0.00476619 -0.00961538 -0.00186782 0.00292254 0.0035061 0.00145706 -0.00189394 0.00373711 0.00396341 -7.30994e-05 -0.00354938 0.000393864 -0.00021028 -0.00529661
internal_weight=1554 1151 369 349 299 50 279 74 49 403 782 44 738 708 205 160 139 52 87 355 328 163 66 97 41 684 81 603 535 59
internal_count=1554 1151 369 349 299 50 279 74 49 403 782 44 738 708 205 160 139 52 87 355 328 163 66 97 41 684 81 603 535 59
is_linear=0
shrinkage=0.05


Tree=7
num_leaves=31
num_cat=0
split_feature=8 6 15 22 6 9 8 9 3 5 16 16 8 15 1 22 5 16 13 8 13 1 13 16 8 13 1 16 22 1
split_gain=2.71255 1.33587 1.30636 1.57096 0.943525 1.10078 1.15112 0.822859 0.760916 0.75256 0.666634 0.55507 0.528707 0.831017 1.13743 0.916364 0.501465 0.454322 1.65872 0.944519 0.531542 0.748661 0.730461 0.581034 0.444566 1.37874 0.406504 0.490191 0.404482 0.401111
threshold=20750.000000000004 2.5000000000000004 87.850000000000009 1.5000000000000002 8.5000000000000018 -4374.9999999999991 15250.000000000002 -624.99999999999989 94.250000000000014 8.5000000000000018 31250.000000000004 33750.000000000007 27250.000000000004 98.550000000000011 10.500000000000002 1.5000000000000002 15.500000000000002 16250.000000000002 2.5000000000000004 3375.0000000000005 5.5000000000000009 2.5000000000000004 7.5000000000000009 28250.000000000004 11125.000000000002 6.5000000000000009 9.5000000000000018 25250.000000000004 1.5000000000000002 1.0000000180025095e-35
decision_type=2 2 2 2 2 2 2 2 2 2 2 2 2 2 2 2 2 2 2 2 2 2 2 2 2 2 2 2 2 2
left_child=1 17 3 8 10 -6 16 9 -3 -5 24 12 13 15 -15 -2 -7 18 -1 20 23 22 -22 -19 25 -4 27 -14 -24 -20
right_child=11 2 4 7 5 6 -8 -9 -10 -11 -12 -13 26 14 -16 -17 -18 19 29 -21 21 -23 28 -25 -26 -27 -28 -29 -30 -31
leaf_value=0.00158835596108102 0.010575332615321531 -0.02958790677714053 -0.031387551327811063 -0.022626233956903177 0.022527124709869336 -0.0021862872690580986 0.0044128117822751336 -0.029632711004477136 0.0028814494827531958 -0.006059202374653086 -0.022547936245457229 0.030741898700230919 0.0021168996002547068 0.0095822141279941018 -0.013499911758575553 -0.0048989165803195846 -0.018184458397048769 0.010663680117652979 -0.017225382432054997 0.019944571256711747 -0.014745132259795082 0.0070341886527480807 0.010819276076631485 -0.00013057894853243934 0.00018795771239281945 0.00015469469565212586 0.031465586134508158 0.010309031592756507 -0.0072707122876894906 -0.029851538615750069
leaf_weight=500 28 23 31 22 32 70 75 29 51 27 22 30 46 38 43 22 21 65 25 28 20 23 30 53 40 42 41 36 21 20
leaf_count=500 28 23 31 22 32 70 75 29 51 27 22 30 46 38 43 22 21 65 25 28 20 23 30 53 40 42 41 36 21 20
internal_value=-1.60875e-05 -0.00100394 -0.00306701 -0.00690789 -0.00131381 0.000883838 -0.000753012 -0.011859 -0.00168919 -0.00790816 -0.00453704 0.00440141 0.00364173 0.0014313 -0.00169753 0.0065 -0.00453297 0.000270701 -0.000527523 0.00208333 0.000943396 -0.0018617 -0.00440141 0.00317797 -0.00298673 -0.00530822 0.00599593 0.00396341 -0.00122549 -0.00972222
internal_weight=1554 1270 485 152 333 198 166 78 74 49 135 284 254 131 81 50 91 785 545 240 212 94 71 118 113 73 123 82 51 45
internal_count=1554 1270 485 152 333 198 166 78 74 49 135 284 254 131 81 50 91 785 545 240 212 94 71 118 113 73 123 82 51 45
is_linear=0
shrinkage=0.05


Tree=8
num_leaves=31
num_cat=0
split_feature=8 6 15 3 16 22 4 14 16 22 4 16 16 5 6 4 4 16 15 22 1 1 9 3 22 1 16 6 23 16
split_gain=2.85147 1.0092 1.07998 1.425 1.5124 1.19925 0.99263 1.0651 0.714318 0.879584 1.17643 0.851215 0.613306 1.05747 0.572217 0.531795 0.497836 0.496336 0.490586 0.969697 0.505046 0.885551 0.473485 0.467532 0.44971 0.413007 0.543313 0.390389 0.557539 0.680824
threshold=20750.000000000004 2.5000000000000004 87.850000000000009 91.050000000000026 10250.000000000002 1.5000000000000002 14875.000000000002 29.000000000000004 8375.0000000000018 1.5000000000000002 10250.000000000002 16750.000000000004 33250.000000000007 17.500000000000004 12.500000000000002 32250.000000000004 43750.000000000007 34500.000000000007 90.250000000000014 1.5000000000000002 13.500000000000002 17.500000000000004 -874.99999999999989 95.350000000000009 1.5000000000000002 8.5000000000000018 20125.000000000004 1.5000000000000002 1.5000000000000002 22750.000000000004
decision_type=2 2 2 2 2 2 2 2 2 2 2 2 2 2 2 2 2 2 2 2 2 2 2 2 2 2 2 2 2 2
left_child=1 16 3 -3 5 14 8 12 -4 11 -11 -10 13 -8 -5 17 27 18 19 -2 25 -22 -7 -13 -15 26 -20 28 29 -1
right_child=15 2 6 4 -6 22 7 -9 9 10 -12 23 -14 24 -16 -17 -18 -19 20 -21 21 -23 -24 -25 -26 -27 -28 -29 -30 -31
leaf_value=-0.01669329619900084 0.023266266281713063 -0.033971250753902074 0.0059247779409661964 0.016303725270416437 -0.026583578164195057 -0.0050724047504503537 0.0090296696466421675 -0.022075229938931202 -0.024949607236423414 -0.0052078685748294887 -0.031847999267768025 0.01666771146960026 -0.0082759317164134965 -0.025746186027509332 -0.024965218074394759 0.023361875800761114 0.027558928445975486 0.029441226250288801 -0.0043086408725447499 -0.0042387073765760763 -0.022222771709861134 0.021718155458606576 -0.013642347510281264 -0.0031376519895525302 0.0064373940232443916 0.011923311610609657 0.006839791456880644 0.0096932685933882809 0.0010141459300500367 -0.003682436209153761
leaf_weight=37 32 32 20 29 26 24 83 21 26 43 29 22 20 20 21 48 21 24 26 22 22 23 20 28 21 39 48 39 613 75
leaf_count=37 32 32 20 29 26 24 83 21 26 43 29 22 20 20 21 48 21 24 26 22 22 23 20 28 21 39 48 39 613 75
internal_value=4.82625e-05 -0.000964567 -0.00275773 -0.00625 -0.00375 -0.000797872 -0.00116366 0.00159091 -0.00386905 -0.00506757 -0.00902778 -0.00131579 0.003125 0.00443548 0.0045 0.00457746 0.000143312 0.00360169 0.00283019 0.00694444 0.00142405 -0.00305556 -0.00681818 0.0025 -0.00213415 0.00320796 0.00101351 -6.5445e-05 -0.000327586 -0.00357143
internal_weight=1554 1270 485 152 120 94 333 165 168 148 72 76 144 124 50 284 785 236 212 54 158 45 44 50 41 113 74 764 725 112
internal_count=1554 1270 485 152 120 94 333 165 168 148 72 76 144 124 50 284 785 236 212 54 158 45 44 50 41 113 74 764 725 112
is_linear=0
shrinkage=0.05


Tree=9
num_leaves=31
num_cat=0
split_feature=8 6 13 16 7 4 5 11 16 16 5 13 16 5 5 15 16 8 5 13 4 13 24 1 4 1 4 4 13 13
split_gain=2.54891 1.59164 0.750199 1.32601 1.28767 0.735244 0.652879 0.812689 0.698692 0.978253 0.503018 0.829992 0.642404 1.01315 0.608161 0.587778 0.538646 0.415373 0.569182 0.390048 0.465341 0.358137 0.357672 0.349164 0.545455 0.44365 0.688575 0.584475 0.383043 0.72343
threshold=17175.000000000004 2.5000000000000004 1.5000000000000002 8375.0000000000018 97.850000000000009 32250.000000000004 6.5000000000000009 1.0000000180025095e-35 20125.000000000004 31250.000000000004 3.5000000000000004 8.5000000000000018 21125.000000000004 7.5000000000000009 9.5000000000000018 98.550000000000011 26250.000000000004 24750.000000000004 14.500000000000002 11.500000000000002 11625.000000000002 4.5000000000000009 1.0000000180025095e-35 3.5000000000000004 27750.000000000004 9.5000000000000018 36250.000000000007 24500.000000000004 5.5000000000000009 7.5000000000000009
decision_type=2 2 2 2 2 2 2 2 2 2 2 2 2 2 2 2 2 2 2 2 2 2 2 2 2 2 2 2 2 2
left_child=1 23 3 4 -3 10 7 22 19 -10 -2 12 13 -12 16 -16 -13 18 -15 21 -21 -8 -4 24 28 26 27 -25 -1 -30
right_child=5 2 6 -5 -6 -7 8 -9 9 -11 11 14 -14 17 15 -17 -18 -19 -20 20 -22 -23 -24 25 -26 -27 -28 -29 29 -31
leaf_value=0.0016666581366580212 -0.0035697810914147492 -0.031209566780776039 -0.012707577901333811 -0.029389813672297278 0.00094326689676145221 0.022193782010723057 -0.0012610653370287385 -0.029152402554780701 0.012629624015243699 -0.012336131622000941 0.021883315789794116 -0.004795973805507169 0.014654043014858665 0.012313838591247475 -0.0022807077747604046 0.026836365054462741 0.0040106304664446263 -0.0054208508294714582 -0.010195237682689318 0.015020800346191621 -0.03208690095546101 0.014458699842968954 -0.00034475343830593365 0.0060085325334475531 -0.0091492442155866726 -0.00028915960148023778 0.043006047621409672 -0.0038448776484256751 -0.011418664584594918 -0.00095634411989879015
leaf_weight=494 40 41 27 23 42 48 25 23 34 21 37 22 94 29 25 20 25 25 38 20 29 21 63 49 28 72 21 24 24 70
leaf_count=494 40 41 27 23 42 48 25 23 34 21 37 22 94 29 25 20 25 25 38 20 29 21 63 49 28 72 21 24 24 70
internal_value=0.000144788 -0.00105343 -0.00376016 -0.00731132 -0.00436747 0.003567 -0.0023289 -0.00519912 -0.000166667 0.00431818 0.00278169 0.00345238 0.0051009 0.00281008 -0.000543478 0.00361111 -0.00452128 0 0.00205224 -0.00276316 -0.00586735 0.000543478 -0.00305556 0.000223785 -0.000324675 0.00225904 0.00452128 0.00222603 0 -0.00292553
internal_weight=1554 1151 369 106 83 403 263 113 150 55 355 315 223 129 92 45 47 92 67 95 49 46 90 782 616 166 94 73 588 94
internal_count=1554 1151 369 106 83 403 263 113 150 55 355 315 223 129 92 45 47 92 67 95 49 46 90 782 616 166 94 73 588 94
is_linear=0
shrinkage=0.05


Tree=10
num_leaves=31
num_cat=0
split_feature=8 17 9 12 12 8 1 13 4 15 5 13 16 1 16 8 1 16 1 1 16 16 8 5 4 8 4 14 16 1
split_gain=1.93999 0.90502 1.09823 0.997396 0.763472 0.735068 0.586446 0.526882 0.51329 1.92308 0.741146 0.475616 0.427864 1.19011 0.411292 0.521046 0.4022 0.392656 0.481017 0.773723 0.706507 1.02508 0.785244 0.6678 0.858593 0.474653 0.390546 0.377846 0.780496 0.357143
threshold=26750.000000000004 8.6085372862042107 -11499.999999999998 24500.000000000004 32500.000000000004 16375.000000000002 9.5000000000000018 2.5000000000000004 4875.0000000000009 98.550000000000011 6.5000000000000009 27.500000000000004 11250.000000000002 7.5000000000000009 20125.000000000004 8375.0000000000018 23.500000000000004 44500.000000000007 9.5000000000000018 4.5000000000000009 32250.000000000004 28250.000000000004 11625.000000000002 11.500000000000002 18875.000000000004 8125.0000000000009 23875.000000000004 5.5000000000000009 20125.000000000004 10.500000000000002
decision_type=2 2 2 2 2 2 2 2 2 2 2 2 2 2 2 2 2 2 2 2 2 2 2 2 2 2 2 2 2 2
left_child=1 2 -1 5 11 8 7 -2 9 -4 12 17 29 -14 15 -12 -7 18 19 20 21 22 26 25 -25 -20 27 28 -3 -10
right_child=6 4 3 -5 -6 16 -8 -9 10 -11 14 -13 13 -15 -16 -17 -18 -19 23 -21 -22 -23 -24 24 -26 -27 -28 -29 -30 -31
leaf_value=0.023001742499196835 -0.0029815860847288433 0.0036678708626662147 -0.02918255761496516 -0.015555052620129572 0.016287339976343341 -0.0011185572910471619 0.026529127931186822 0.0091513505833339549 -0.026651084315527197 0.03703529909247024 -0.019938638696349199 -0.034030148529380036 -0.010120378836327585 -0.028912264358897707 0.0049108108461874194 -0.00071245868201077762 0.0067552314739527559 -0.0061956966079238177 -0.00062184766417487105 0.0056178524648918737 0.0049025730248083424 -0.010716529022099342 -0.020958366806704966 -0.012623166415965141 0.0081548930353257942 -0.014096587091953904 -0.0020899579129883285 -0.014570043476133188 0.0161043459419427 0.0006101127477203095
leaf_weight=23 35 379 26 21 20 41 53 67 24 26 50 20 26 30 35 61 27 31 63 132 42 30 30 38 60 40 36 30 31 21
leaf_count=23 35 379 26 21 20 41 53 67 24 26 50 20 26 30 35 61 27 31 63 132 42 30 30 38 60 40 36 30 31 21
internal_value=9.68992e-05 -0.000493539 -0.0024635 -0.00309278 0.000330957 -0.00248638 0.00540323 0.00318627 -0.00355351 0.000961538 -0.00450405 0.000129938 -0.00779703 -0.0107143 -0.00222603 -0.00371622 0.00220588 0.000291932 0.000480241 0.00109155 0.000302768 -0.000186567 0.00034585 -0.0016791 0.00127551 -0.00449029 0.000840336 0.00125 0.00164634 -0.00416667
internal_weight=1548 1393 411 388 982 367 155 102 299 52 247 962 101 56 146 111 68 942 911 710 578 536 506 201 98 103 476 440 410 45
internal_count=1548 1393 411 388 982 367 155 102 299 52 247 962 101 56 146 111 68 942 911 710 578 536 506 201 98 103 476 440 410 45
is_linear=0
shrinkage=0.05


Tree=11
num_leaves=31
num_cat=0
split_feature=1 18 3 15 3 2 5 6 23 3 22 3 18 0 16 23 3 5 1 18 7 5 18 18 16 23 22 15 18 9
split_gain=1.09242 1.04049 1.0512 0.866717 0.862207 0.857952 0.782994 0.636643 0.557019 1.91343 1.30345 1.03663 1.16795 0.547371 0.481704 0.465698 0.819398 0.459421 0.441905 0.435519 0.433087 0.42615 0.409055 0.51316 1.04762 0.817297 0.441482 0.701927 0.362865 0.510468
threshold=13.500000000000002 9.6957913816908405 95.100000000000009 91.300000000000026 95.750000000000014 3.5000000000000004 9.5000000000000018 20.500000000000004 2.5000000000000004 92.000000000000014 1.5000000000000002 99.15000000000002 9.6074691503044711 17000.000000000004 15750.000000000002 1.5000000000000002 92.950000000000017 1.0000000180025095e-35 18.500000000000004 10.106260939089539 84.500000000000014 13.500000000000002 10.419219178975142 9.4131545893610049 20750.000000000004 1.5000000000000002 1.5000000000000002 82.050000000000011 10.34977465567655 -1749.9999999999998
decision_type=2 2 2 2 2 2 2 2 2 2 2 2 2 2 2 2 2 2 2 2 2 2 2 2 2 2 2 2 2 2
left_child=5 4 3 -3 15 13 19 21 9 10 -7 -10 -13 14 17 16 -2 -1 -5 -4 -17 -8 23 25 -25 -15 -27 -28 29 -11
right_child=1 2 6 18 -6 8 7 -9 11 28 -12 12 -14 22 -16 20 -18 -19 -20 -21 -22 -23 -24 24 -26 26 27 -29 -30 -31
leaf_value=-0.023783655450094865 -0.015128545113901376 -0.00056580099543463921 -0.028674232641645977 0.0059691571100665064 -0.00033452697146246768 0.0011306937371571069 -0.0048085853433039519 -0.022856220872448915 0.012612422571238017 0.0011401103637858985 -0.031772106852603434 -0.037147749828657019 0.0024810059870191445 -0.009468686182066156 4.7724773078156035e-05 -0.026086962256706023 0.0016378456902008413 0.00036703269674183414 0.032980320068923985 -0.00035801154206940302 -0.023234884280122201 0.0087036242801288629 0.015962168735003286 -0.014315771332738959 0.0061540416924878074 -0.0015376597293125017 0.0051010548243412175 0.029050917437105719 0.0061576748378594677 0.010341814474175893
leaf_weight=35 20 22 32 21 57 30 20 41 22 47 28 34 121 57 48 23 26 22 29 27 24 41 25 42 24 177 192 26 85 150
leaf_count=35 20 22 32 21 57 30 20 41 22 47 28 34 121 57 48 23 26 22 29 27 24 41 25 42 24 177 192 26 85 150
internal_value=6.45995e-05 -0.00225196 -0.000160944 0.00486111 -0.0055 0.00082618 -0.00240683 0.000245098 0.00234526 0.00352941 -0.00474138 7.06215e-05 -0.00137097 -0.000385802 -0.00369048 -0.00846774 -0.0048913 -0.00679825 0.0085 -0.00699153 -0.0119681 0.00348361 0.000253223 -4.82625e-05 -0.00416667 0.000553097 0.00136076 0.00286697 0.0052305 0.00640863
internal_weight=1548 383 233 72 150 1165 161 102 517 340 58 177 155 648 105 93 46 57 50 59 47 61 543 518 66 452 395 218 282 197
internal_count=1548 383 233 72 150 1165 161 102 517 340 58 177 155 648 105 93 46 57 50 59 47 61 543 518 66 452 395 218 282 197
is_linear=0
shrinkage=0.05


Tree=12
num_leaves=31
num_cat=0
split_feature=4 0 5 16 12 16 14 22 9 9 6 5 16 16 16 5 16 16 4 2 16 4 16 4 5 4 6 22 14 16
split_gain=1.20288 0.713866 0.589113 0.663672 0.565593 0.589247 0.537355 0.606124 0.518027 0.544534 0.892504 1.09749 0.801515 0.622714 1.47227 0.504987 0.515557 0.644891 0.540534 0.500881 0.644615 0.438596 0.680475 0.407409 0.696346 0.365268 0.320865 0.259428 0.450148 0.432102
threshold=20250.000000000004 5500.0000000000009 15.500000000000002 44500.000000000007 24500.000000000004 31250.000000000004 3.5000000000000004 1.5000000000000002 750.00000000000011 -4374.9999999999991 5.5000000000000009 1.5000000000000002 8750.0000000000018 7250.0000000000009 16250.000000000002 10.500000000000002 30250.000000000004 28250.000000000004 18625.000000000004 12.500000000000002 29750.000000000004 10750.000000000002 10250.000000000002 34500.000000000007 4.5000000000000009 16250.000000000002 9.5000000000000018 1.5000000000000002 2.5000000000000004 17750.000000000004
decision_type=2 2 2 2 2 2 2 2 2 2 2 2 2 2 2 2 2 2 2 2 2 2 2 2 2 2 2 2 2 2
left_child=1 4 3 15 5 8 7 26 9 21 11 12 -11 -12 -15 16 17 18 27 -8 -21 -1 -23 24 -9 -24 -2 28 -3 -30
right_child=6 2 -4 -5 -6 -7 19 23 -10 10 13 -13 -14 14 -16 -17 -18 -19 -20 20 -22 22 25 -25 -26 -27 -28 -29 29 -31
leaf_value=0.011239218532007985 0.0063659441091604707 0.0048255657545484242 -0.017649294948778621 -0.0059590830571445326 -0.010106447622906474 -0.015649758388023467 0.0047573088949915687 -0.014196506439089401 0.0066896788501048078 -0.019542384202775726 0.0091061493682046187 -0.028482736069738737 0.00032982343453195065 -0.020184802370823471 0.0015199532122853856 0.019343764233813121 0.0029533076730394086 -0.0098139762025038473 -0.0048799371176646627 0.0073739320970200063 -0.0090562392899618573 0.0043332439487218767 -0.026672128824505384 0.006571140644048571 0.00053740104314740076 -0.0012149168220263657 0.022050568031413073 0.0048460020831241572 -0.027650251774933278 -0.0044947273696991251
leaf_weight=20 119 178 35 22 22 28 138 44 45 27 38 31 33 26 33 23 55 31 20 47 21 32 23 32 47 20 24 270 20 44
leaf_count=20 119 178 35 22 22 28 138 44 45 27 38 31 33 26 33 23 55 31 20 47 21 32 23 32 47 20 24 270 20 44
internal_value=0.000226098 -0.000697026 0.000250716 0.000584465 -0.00244709 -0.00196629 0.00233051 0.000845865 -0.00137195 -0.00216431 -0.0037234 -0.00728022 -0.00333333 -0.000386598 -0.00360169 0.000877535 0.000606796 0.000155417 0.00056391 0.00424757 0.000735294 0.000921053 -0.000833333 -0.00172764 -0.00343407 -0.00494186 0.00305944 0.000878906 -0.000309917 -0.00390625
internal_weight=1548 1076 698 663 378 356 472 266 328 283 188 91 60 97 59 641 618 563 532 206 68 95 75 123 91 43 143 512 242 64
internal_count=1548 1076 698 663 378 356 472 266 328 283 188 91 60 97 59 641 618 563 532 206 68 95 75 123 91 43 143 512 242 64
is_linear=0
shrinkage=0.05


Tree=13
num_leaves=31
num_cat=0
split_feature=8 9 18 12 12 14 22 8 21 3 15 6 8 8 13 3 18 8 23 21 8 18 21 14 3 14 18 18 22 15
split_gain=1.25833 0.581686 0.529132 0.414299 0.948273 0.555131 1.12358 1.05844 0.878911 0.72 0.697233 0.549472 0.537008 0.786172 0.528545 0.376076 0.862204 0.941521 0.77617 1.26869 0.699065 0.642424 0.881667 0.656818 0.958807 0.620003 0.557331 0.55225 0.425 0.351931
threshold=26750.000000000004 -11499.999999999998 10.686253422616579 39000.000000000007 24500.000000000004 12.500000000000002 1.5000000000000002 3625.0000000000005 9.6957913816908405 98.15000000000002 95.450000000000017 8.5000000000000018 24750.000000000004 21250.000000000004 10.500000000000002 92.950000000000017 9.6074691503044711 19500.000000000004 2.5000000000000004 10.266390022246599 5750.0000000000009 9.3822194404826931 9.1721387290209364 5.5000000000000009 96.050000000000026 2.5000000000000004 10.070089083128961 9.9402771395220029 1.5000000000000002 98.550000000000011
decision_type=2 2 2 2 2 2 2 2 2 2 2 2 2 2 2 2 2 2 2 2 2 2 2 2 2 2 2 2 2 2
left_child=1 -1 3 4 5 12 8 -8 -7 10 -9 -10 13 14 15 18 21 26 19 -3 28 23 -23 24 -17 -26 27 -18 -20 -15
right_child=-2 2 -4 -5 -6 6 7 9 11 -11 -12 -13 -14 29 -16 16 17 -19 20 -21 -22 22 -24 -25 25 -27 -28 -29 -30 -31
leaf_value=0.019893010801573276 0.008246786383989152 0.00053231688231953342 0.023123606072010638 0.01548028164988894 -0.024963666852332804 -0.019665922207364874 -0.024659607102895553 -0.0067259969980002516 0.00062158400556247345 0.0016393203944115907 -0.035756567571701939 0.012301131459059958 -0.011869425849294896 0.025185060279391366 0.006078982039234646 -0.026271354251004731 0.0042809631498772959 -0.0050203036057740015 -0.0035630355300886544 -0.0086922055431045819 0.019762507208705846 -0.0028156175488355641 -0.029559307804617491 0.0045849368838747073 0.0028274480481325138 -0.025075468220250502 -0.0020859002752642909 0.015044700123321118 0.0094439253944305114 0.011887945398257181
leaf_weight=28 155 409 21 24 30 27 23 22 34 30 23 25 29 25 43 24 110 23 45 20 22 24 25 22 38 26 121 24 40 36
leaf_count=28 155 409 21 24 30 27 23 22 34 30 23 25 29 25 43 24 110 23 45 20 22 24 25 22 38 26 121 24 40 36
internal_value=0.000484496 8.97344e-06 -0.000137363 -0.000260417 -0.000378788 -0.000174419 -0.00271739 -0.00637755 0.00145349 -0.0035 -0.0075 0.00487288 0.000248644 0.000429434 9.84252e-05 -0.000141316 -0.00122998 0.00044964 0.000746269 -0.000203963 0.00455607 -0.00416667 -0.00892857 -0.00204545 -0.00397727 -0.00078125 0.00132353 0.00354478 0.0025 0.00594262
internal_weight=1548 1393 1365 1344 1320 1290 184 98 86 75 45 59 1106 1077 1016 973 437 278 536 429 107 159 49 110 88 64 255 134 85 61
internal_count=1548 1393 1365 1344 1320 1290 184 98 86 75 45 59 1106 1077 1016 973 437 278 536 429 107 159 49 110 88 64 255 134 85 61
is_linear=0
shrinkage=0.05


Tree=14
num_leaves=31
num_cat=0
split_feature=8 13 12 12 8 4 13 7 4 5 16 5 13 3 16 4 4 16 4 4 0 16 3 1 16 8 16 8 16 3
split_gain=1.33556 0.416041 0.621931 0.892744 0.397001 0.521302 0.94605 0.725093 0.745436 0.666796 0.892835 0.704167 0.793164 0.664409 0.992916 0.939239 0.851313 0.804449 0.595293 0.528718 0.527115 0.521077 0.518808 0.830323 0.775905 0.915751 0.571038 0.500947 0.482143 0.469732
threshold=26750.000000000004 50.500000000000007 39000.000000000007 26500.000000000004 24750.000000000004 18125.000000000004 5.5000000000000009 97.850000000000009 19750.000000000004 14.500000000000002 16250.000000000002 10.500000000000002 4.5000000000000009 88.350000000000009 22250.000000000004 13625.000000000002 6625.0000000000009 28750.000000000004 23625.000000000004 20750.000000000004 17000.000000000004 26625.000000000004 93.950000000000003 10.500000000000002 10625.000000000002 4625.0000000000009 20125.000000000004 21250.000000000004 18750.000000000004 97.40000000000002
decision_type=2 2 2 2 2 2 2 2 2 2 2 2 2 2 2 2 2 2 2 2 2 2 2 2 2 2 2 2 2 2
left_child=1 2 3 4 5 9 7 18 -9 11 29 12 22 16 15 -15 17 21 19 -7 -8 -14 23 -1 25 -24 -26 -10 -13 -11
right_child=-2 -3 -4 -5 -6 6 20 8 27 10 -12 28 13 14 -16 -17 -18 -19 -20 -21 -22 -23 24 -25 26 -27 -28 -29 -30 -31
leaf_value=0.0025453976757858592 0.0078344470647896958 -0.013203490865291302 0.021276152518008126 -0.023718072472006864 -0.010908699450452176 0.0044547961146005014 0.0062382014090220199 0.012037721854022519 -0.0073980992313629097 -0.021898121604820183 0.00067935702235194517 0.0055598217735245556 -0.010567622728631682 -0.014378474923575685 0.0047631221500784322 0.013812888583207667 -0.025131046517636469 -0.0080457555501254416 0.00032381894894045543 0.023051414526438919 0.0012834946422915494 0.011910308296531481 -0.0099531990649518558 0.017621140018383271 -0.029776521979441656 0.0087970740934827842 -0.00089487827237489108 0.0015149659526475943 -0.00075946467124287937 -0.037092117608843803
leaf_weight=412 155 33 23 25 37 41 44 23 32 20 25 32 43 49 44 28 20 28 142 21 39 22 30 24 32 26 26 22 24 26
leaf_count=412 155 33 23 25 37 41 44 23 32 20 25 32 43 49 44 28 20 28 142 21 39 22 30 24 32 26 26 22 24 26
internal_value=0.000355297 -0.000134602 0 -0.000140239 3.81098e-05 0.000186275 0.00178571 0.000400356 -0.00373377 -0.000452799 -0.00510563 -5.95238e-05 -0.000446429 -0.00288462 -0.000309917 -0.00373377 -0.00564159 -0.00362903 0.00196078 0.00604839 0.0064759 -0.000576923 0.000590909 0.00137615 -0.00241228 0.00178571 -0.00646552 -0.00694444 0.00535714 -0.00923913
internal_weight=1548 1393 1360 1337 1312 1275 364 281 77 911 71 840 784 234 121 77 113 93 204 62 83 65 550 436 114 56 58 54 56 46
internal_count=1548 1393 1360 1337 1312 1275 364 281 77 911 71 840 784 234 121 77 113 93 204 62 83 65 550 436 114 56 58 54 56 46
is_linear=0
shrinkage=0.05


Tree=15
num_leaves=31
num_cat=0
split_feature=4 22 15 22 22 2 4 8 4 16 16 8 16 7 16 9 7 16 16 22 16 2 0 2 13 14 13 13 13 7
split_gain=1.95214 1.12058 0.413835 1.42407 0.622392 0.889783 1.09076 0.71513 0.394902 0.351776 0.420229 0.376685 0.329058 0.996239 0.770747 0.499062 0.471476 0.641792 0.69091 1.27196 0.507087 0.484848 0.454454 0.405093 0.343021 0.395422 0.339794 0.601344 0.412722 0.308824
threshold=17250.000000000004 2.5000000000000004 88.700000000000017 1.5000000000000002 1.5000000000000002 17.500000000000004 27250.000000000004 31750.000000000004 25250.000000000004 11250.000000000002 17750.000000000004 28250.000000000004 28250.000000000004 87.250000000000014 26250.000000000004 1125.0000000000002 93.950000000000003 7250.0000000000009 16250.000000000002 1.5000000000000002 20125.000000000004 4.5000000000000009 5500.0000000000009 10.500000000000002 2.5000000000000004 6.5000000000000009 12.500000000000002 7.5000000000000009 2.5000000000000004 93.950000000000003
decision_type=2 2 2 2 2 2 2 2 2 2 2 2 2 2 2 2 2 2 2 2 2 2 2 2 2 2 2 2 2 2
left_child=1 12 3 -2 5 6 -4 -8 -5 -6 -11 29 14 24 15 16 20 21 22 -20 26 -18 -19 -15 -14 -26 27 28 -1 -12
right_child=2 -3 4 8 9 -7 7 -9 -10 10 11 -13 13 23 -16 -17 17 18 19 -21 -22 -23 -24 -25 25 -27 -28 -29 -30 -31
leaf_value=-0.0018559407584795686 0.010551582090683324 0.0097178416493170754 0.010388171614768158 -0.017137940569904531 -0.00049852503878016136 -0.018693159330898244 -0.0051241654531487772 0.0096843913949490202 0.0035963738531249929 0.017680547440853546 0.0094288120983800055 0.025305197865582586 -0.0084170003087903674 0.01037771924874048 0.011204081957272825 0.010292449995877171 0.014254454949719631 -0.028270989749802446 0.012804372288521848 -0.011658471434694069 0.0031548849046806049 -0.003393975579186333 -0.013364093362726374 -0.010860223434236116 -0.0058731587827423812 -0.0098792955107964656 -0.014255776048430084 0.014832330632643907 -0.014047508762193872 0.0021884609763619133
leaf_weight=252 123 153 81 65 28 39 41 26 41 22 51 44 21 27 36 26 22 36 34 28 41 44 23 21 22 24 40 24 45 68
leaf_count=252 123 153 81 65 28 39 41 26 41 22 51 44 21 27 36 26 22 36 34 28 41 44 23 21 22 24 40 24 45 68
internal_value=0.000258398 -0.00121055 0.00240461 0.000709607 0.003375 0.00127005 0.00304054 -0.0016791 -0.00353774 0.005223 0.00601351 0.00513804 -0.00199086 -0.00445652 -0.0015553 -0.00197154 -0.0022708 -0.00434492 -0.00650826 -0.00282258 -0.00130597 -0.000378788 -0.0103814 0.00104167 -0.00839552 -0.00597826 -0.00190443 -0.00136293 -0.00197811 0.00367647
internal_weight=1548 919 629 229 400 187 148 67 106 213 185 163 766 115 651 615 589 187 121 62 402 66 59 48 67 46 361 321 297 119
internal_count=1548 919 629 229 400 187 148 67 106 213 185 163 766 115 651 615 589 187 121 62 402 66 59 48 67 46 361 321 297 119
is_linear=0
shrinkage=0.05


Tree=16
num_leaves=31
num_cat=0
split_feature=4 1 1 5 13 16 4 16 1 3 16 16 16 0 3 9 6 16 6 0 1 9 15 4 4 1 13 12 16 4
split_gain=1.63783 0.789604 0.619079 0.894574 1.18938 1.18437 0.846416 0.781059 0.990536 0.894814 0.587126 0.60663 0.573695 0.537778 0.511708 0.455327 0.445298 0.511774 0.480324 1.13095 0.82429 0.611933 0.534028 0.438724 0.494781 0.432426 0.349508 0.341711 0.308934 0.964214
threshold=20250.000000000004 23.500000000000004 12.500000000000002 10.500000000000002 17.500000000000004 14250.000000000002 18875.000000000004 28250.000000000004 11.500000000000002 99.15000000000002 9625.0000000000018 15750.000000000002 25750.000000000004 17000.000000000004 96.500000000000014 750.00000000000011 1.0000000180025095e-35 22750.000000000004 5.5000000000000009 17000.000000000004 4.5000000000000009 -3624.9999999999995 98.550000000000011 25250.000000000004 22250.000000000004 2.5000000000000004 26.500000000000004 4750.0000000000009 25750.000000000004 27250.000000000004
decision_type=2 2 2 2 2 2 2 2 2 2 2 2 2 2 2 2 2 2 2 2 2 2 2 2 2 2 2 2 2 2
left_child=2 10 7 5 6 14 27 8 15 -9 23 -12 -7 -11 -4 16 17 25 19 20 -18 -22 -20 24 -2 -1 28 -5 29 -13
right_child=1 -3 3 4 -6 12 -8 9 -10 13 11 26 -14 -15 -16 -17 18 -19 22 -21 21 -23 -24 -25 -26 -27 -28 -29 -30 -31
leaf_value=-0.0012515968328948692 0.0038060440398679065 0.030736211226273583 -0.0075223771800376708 -0.0070352168146794181 0.020577212882754475 -0.027394001136754088 0.0074161243149784926 -0.007793575235935212 0.010939266227043713 0.025856128098867642 0.018384346927921676 0.01140437563994972 -0.01269173290848929 -0.00023973117459463457 0.013076305287844044 0.016945406629741457 0.0134406873242792 0.0123587364160486 -0.011454295033142865 -0.025970583269192007 -0.00040411708157685053 -0.035316566053010576 0.011516404272823137 0.0087656334979567575 -0.010917676122525866 0.0080012267277964257 -0.0015406298539391433 -0.017879853031987508 0.0082065059820913572 -0.013191921844450762
leaf_weight=415 23 20 32 101 28 41 24 64 31 20 28 39 21 25 21 31 37 39 22 30 24 23 21 107 29 25 31 20 146 30
leaf_count=415 23 20 32 101 28 41 24 64 31 20 28 39 21 25 21 31 37 39 22 30 24 23 21 107 29 25 31 20 146 30
internal_value=0.000258398 0.00278698 -0.000787671 -0.00277778 -0.00050578 -0.00619565 -0.00232759 -7.74473e-05 0.000537249 -0.00401376 0.00233834 0.00374088 -0.0108871 0.00138889 -0.000707547 0.000131184 -0.000157233 0.000600209 -0.00246815 -0.00416667 -0.00119048 -0.00558511 0.00203488 -7.86164e-05 -0.00384615 0.000113636 0.00294715 -0.00402893 0.00366279 0.000905797
internal_weight=1548 453 1095 288 173 115 145 807 698 109 433 274 62 45 53 667 636 479 157 114 84 47 43 159 52 440 246 121 215 69
internal_count=1548 453 1095 288 173 115 145 807 698 109 433 274 62 45 53 667 636 479 157 114 84 47 43 159 52 440 246 121 215 69
is_linear=0
shrinkage=0.05


Tree=17
num_leaves=31
num_cat=0
split_feature=4 1 22 9 8 13 14 10 13 14 13 24 5 1 1 1 13 13 4 0 4 22 1 0 1 1 7 13 9 8
split_gain=1.28903 0.825903 0.775233 0.610319 0.370575 0.964286 0.411137 0.345322 0.875032 0.828606 0.933337 0.919545 0.984884 0.701754 0.831192 0.645551 0.595812 0.698115 0.855684 0.565747 0.910323 0.682863 0.655922 0.801917 0.679109 0.637396 0.604371 1.03975 0.893944 0.53646
threshold=20250.000000000004 23.500000000000004 2.5000000000000004 6875.0000000000009 37250.000000000007 4.5000000000000009 27.500000000000004 1.0000000180025095e-35 21.500000000000004 12.500000000000002 45.500000000000007 1.0000000180025095e-35 8.5000000000000018 9.5000000000000018 20.500000000000004 5.5000000000000009 7.5000000000000009 5.5000000000000009 6250.0000000000009 4500.0000000000009 7250.0000000000009 1.0000000180025095e-35 5.5000000000000009 17000.000000000004 1.0000000180025095e-35 15.500000000000002 90.450000000000017 1.0000000180025095e-35 -1749.9999999999998 6875.0000000000009
decision_type=2 2 2 2 2 2 2 2 2 2 2 2 2 2 2 2 2 2 2 2 2 2 2 2 2 2 2 2 2 2
left_child=2 4 3 7 6 -6 -2 9 13 16 11 -11 15 -9 -15 -13 17 19 -19 20 -1 22 23 -21 -25 -24 27 -23 -28 -18
right_child=1 -3 -4 -5 5 -7 -8 8 -10 10 -12 12 -14 14 -16 -17 29 18 -20 21 -22 26 25 24 -26 -27 28 -29 -30 -31
leaf_value=0.0026827299914908538 0.0046420623543762087 0.029199400664959903 0.0092945294084959672 0.015780940898771557 -0.0068607065456602005 0.032110566498377638 -0.0042122450328248521 -0.0002322876054011852 0.0034706586695807508 -0.022021845257400807 0.011473144242875053 -0.0048984500780571557 0.022158655227164932 -0.017400094607993393 -0.015767557077207558 -0.028116847433547965 0.018346887560948679 -0.017650203890310034 0.00046462469718710071 0.014128576499057927 -0.022561341216839316 -0.0017005638789108436 0.017505408011310619 0.0016479764609888697 -0.029768411281691266 -0.00027683440086397477 0.002981927726488419 0.002830788718295724 -0.014458976392658718 -0.00086312337065839746
leaf_weight=20 362 20 153 20 21 27 23 38 21 25 27 23 20 22 35 20 47 23 27 39 27 149 61 76 25 31 26 44 63 33
leaf_count=20 362 20 153 20 21 27 23 38 21 25 27 23 20 22 35 20 47 23 27 39 27 149 61 76 25 31 26 44 63 33
internal_value=0.000322997 0.00256623 -0.000605023 -0.00114119 0.00210739 0.00625 0.00159091 -0.00132863 -0.00387931 -0.000961538 -0.0048913 -0.00738636 -0.00416667 -0.00592105 -0.00942982 -0.00843023 -0.000307525 -0.000838789 -0.0065 -0.000334225 -0.00558511 0.000145914 0.00215517 0 -0.00235149 0.00543478 -0.00150709 6.47668e-05 -0.00491573 0.00375
internal_weight=1548 453 1095 942 433 48 385 922 116 806 115 88 63 95 57 43 691 611 50 561 47 514 232 140 101 92 282 193 89 80
internal_count=1548 453 1095 942 433 48 385 922 116 806 115 88 63 95 57 43 691 611 50 561 47 514 232 140 101 92 282 193 89 80
is_linear=0
shrinkage=0.05


Tree=18
num_leaves=31
num_cat=0
split_feature=4 22 8 13 3 15 12 4 4 1 1 16 22 22 16 1 13 13 14 3 12 1 16 16 8 8 4 4 1 16
split_gain=1.39358 1.0289 0.471898 0.859335 0.399745 0.721503 0.465667 0.431282 0.331055 0.799526 0.377101 0.352598 0.748611 0.292536 0.657321 0.306252 0.275549 0.734401 0.956308 0.653417 0.298767 0.757397 0.239492 0.39075 0.201923 0.198349 0.468418 0.494614 0.51179 0.459078
threshold=17250.000000000004 2.5000000000000004 37250.000000000007 4.5000000000000009 93.950000000000003 98.550000000000011 2350.0000000000005 22250.000000000004 35500.000000000007 6.5000000000000009 11.500000000000002 21125.000000000004 1.5000000000000002 1.5000000000000002 12250.000000000002 16.500000000000004 45.500000000000007 12.500000000000002 18.500000000000004 92.950000000000017 1.0000000180025095e-35 20.500000000000004 11250.000000000002 29750.000000000004 16375.000000000002 10250.000000000002 13625.000000000002 11875.000000000002 21.500000000000004 5625.0000000000009
decision_type=2 2 2 2 2 2 2 2 2 2 2 2 2 2 2 2 2 2 2 2 2 2 2 2 2 2 2 2 2 2
left_child=1 16 4 -4 5 -2 8 -8 10 -10 11 12 -6 14 -12 -16 17 20 -19 -20 25 -22 -15 -24 -14 26 27 28 -1 -27
right_child=2 -3 3 -5 6 -7 7 -9 9 -11 13 -13 24 22 15 -17 -18 18 19 -21 21 -23 23 -25 -26 29 -28 -29 -30 -31
leaf_value=-0.00073799823435055233 0.00027587606797590538 0.0088298029380711688 -0.0024532231361541813 0.027799475043711577 0.009755835750552673 0.020334782076381827 -0.018256972862429936 0.004711521118635144 -0.0015660820152356765 0.011866095538570444 0.010205812471122219 0.005439900725164766 -0.0007452740096427408 -0.00046230726937419034 -0.0018614186476942547 -0.027257478696323775 0.0095264832663344377 -0.018398973671568796 -0.020887248599252048 0.00091219823499218426 -0.015157341236275899 0.0033827841512538816 0.017913476764550421 -0.00015668853918193867 -0.012438573683122889 0.01088919792191529 0.004597173998576432 -0.011749995320596862 -0.023348656921781941 -0.0018940395103986263
leaf_weight=406 41 153 23 28 73 38 24 26 20 31 41 96 28 33 21 22 31 31 26 37 40 21 38 22 24 31 22 35 21 65
leaf_count=406 41 153 23 28 73 38 24 26 20 31 41 96 28 33 21 22 31 31 26 37 40 21 38 22 24 31 22 35 21 65
internal_value=0.000193798 -0.00104733 0.00200715 0.00661765 0.00160035 0.00490506 0.00107715 -0.0035 0.00158686 -0.00220588 0.00207286 0.00345023 0.0017 0.000353107 -0.00178571 -0.00610465 -0.00179504 -0.0019898 -0.00611702 -0.00257937 -0.00138456 -0.00471311 0.00228495 0.00416667 -0.00288462 -0.00103448 -0.00144628 -0.00178571 -0.00131733 0.00104167
internal_weight=1548 919 629 51 578 79 499 50 449 51 398 221 125 177 84 43 766 735 94 63 641 61 93 60 52 580 484 462 427 96
internal_count=1548 919 629 51 578 79 499 50 449 51 398 221 125 177 84 43 766 735 94 63 641 61 93 60 52 580 484 462 427 96
is_linear=0
shrinkage=0.05


Tree=19
num_leaves=31
num_cat=0
split_feature=8 22 4 4 1 13 4 13 5 16 22 1 4 4 13 16 0 8 14 8 4 16 5 1 13 3 1 1 13 8
split_gain=1.33089 0.707285 0.833588 0.46912 0.452589 0.410914 0.309343 0.367837 0.882081 0.416001 0.97572 0.393344 0.45933 0.304992 0.283824 1.18322 1.18208 0.748828 0.704697 0.576917 0.732786 0.5741 0.754036 1.1243 0.736616 0.637135 0.612319 0.535467 0.525461 0.534438
threshold=21250.000000000004 2.5000000000000004 20250.000000000004 22750.000000000004 2.5000000000000004 4.5000000000000009 41000.000000000007 10.500000000000002 8.5000000000000018 9625.0000000000018 1.5000000000000002 10.500000000000002 27750.000000000004 25750.000000000004 2.5000000000000004 16250.000000000002 17000.000000000004 17050.000000000004 12.500000000000002 14500.000000000002 13625.000000000002 28250.000000000004 12.500000000000002 12.500000000000002 4.5000000000000009 89.750000000000014 10.500000000000002 15.500000000000002 7.5000000000000009 4625.0000000000009
decision_type=2 2 2 2 2 2 2 2 2 2 2 2 2 2 2 2 2 2 2 2 2 2 2 2 2 2 2 2 2 2
left_child=1 2 14 -2 -4 13 7 9 -9 10 -5 12 -11 -6 17 16 18 19 -16 20 27 22 23 28 -23 -26 -27 -1 29 -17
right_child=3 -3 4 6 5 -7 -8 8 -10 11 -12 -13 -14 -15 15 21 -18 -19 -20 -21 -22 24 -24 -25 25 26 -28 -29 -30 -31
leaf_value=-0.0015786357732477775 0.01172617568756802 0.0083883127911676108 -0.0025338264833580926 0.021280602469552906 -0.0016040112603295242 0.0058223369447693851 0.023985840994971908 -0.0052904521206321971 0.0070770247630412815 0.01279547120387849 -0.00713158221680712 0.00021356625875667906 0.0068545405543786525 0.012151904561709431 -0.00053068342426234596 0.0061658385089206911 -0.026477398695702849 0.0095985462499893186 -0.024510841350157499 -0.024054157086157935 0.0074182956910091614 0.010974878427167836 0.015209324632764327 -0.014597115964139991 -0.012827129905422908 0.0092082172356808181 -0.014873849610898021 -0.015311385664654438 0.020991188909771644 -0.020466961639331593
leaf_weight=305 58 153 35 23 37 52 40 26 25 24 21 28 33 80 81 40 29 48 47 29 42 24 27 40 34 23 25 38 58 23
leaf_count=305 58 153 35 23 37 52 40 26 25 24 21 28 33 80 81 40 29 48 47 29 42 24 27 40 34 23 25 38 58 23
internal_value=0.000193798 -0.000492126 -0.000928827 0.00332734 0.00196078 0.00303254 0.00227273 0.00138889 -0.00220588 0.00281008 -0.00113636 0.00485294 0.00723684 0.00138889 -0.00157448 -0.00246674 -0.00597134 -0.000703463 -0.00390625 -0.00138889 -0.000876623 -0.000595238 0.00106383 -0.000232919 -0.00353774 -0.00579268 -0.00208333 -0.00163994 0.00216942 -0.000992063
internal_weight=1548 1270 1117 278 204 169 220 180 51 129 44 85 57 117 913 451 157 462 128 414 385 294 188 161 106 82 48 343 121 63
internal_count=1548 1270 1117 278 204 169 220 180 51 129 44 85 57 117 913 451 157 462 128 414 385 294 188 161 106 82 48 343 121 63
is_linear=0
shrinkage=0.05


Tree=20
num_leaves=31
num_cat=0
split_feature=8 1 16 1 8 16 16 16 1 6 12 16 4 22 16 8 16 4 14 6 13 16 16 3 16 22 1 13 8 8
split_gain=1.19648 0.805108 0.72865 0.616034 0.527838 0.476814 1.04471 2.30714 1.03782 0.967752 0.874755 0.849404 0.904588 0.879917 1.28205 0.867558 0.833333 0.734005 0.807 0.580453 0.568182 0.543478 0.530181 0.486687 0.462963 0.428516 0.421783 0.40115 0.384387 0.451348
threshold=26750.000000000004 9.5000000000000018 19250.000000000004 41.500000000000007 24750.000000000004 20125.000000000004 14250.000000000002 15750.000000000002 27.500000000000004 4.5000000000000009 14500.000000000002 29750.000000000004 12250.000000000002 1.5000000000000002 43250.000000000007 7500.0000000000009 34500.000000000007 6875.0000000000009 5.5000000000000009 3.5000000000000004 4.5000000000000009 24750.000000000004 26625.000000000004 89.750000000000014 18250.000000000004 1.5000000000000002 13.500000000000002 9.5000000000000018 21750.000000000004 15750.000000000002
decision_type=2 2 2 2 2 2 2 2 2 2 2 2 2 2 2 2 2 2 2 2 2 2 2 2 2 2 2 2 2 2
left_child=3 2 -2 4 5 6 10 -8 11 24 28 12 17 15 16 -13 -15 18 -7 -14 -17 -21 -20 -11 -9 -4 -6 -25 29 -1
right_child=1 -3 25 -5 26 8 7 9 -10 23 -12 13 19 14 -16 20 -18 -19 22 21 -22 -23 -24 27 -26 -27 -28 -29 -30 -31
leaf_value=0.0018475316535920341 0.020227796907538592 0.023786211397612562 -0.0047272599304976686 -0.016778728909322645 -0.00079736040615973345 0.011666284869176022 -0.041883679263807878 -0.016023986636141539 0.021570941656420425 -0.0070073641484228837 -0.018652092364029607 -0.0078451216876245632 0.0090461513382373692 -0.0034019415858834892 0.02358656006601715 0.024063927144336486 -0.010262300849877025 -0.0033836935876280106 -0.025448547806210545 0.0081451462644543168 0.00050348600275260742 -0.0076482955015585198 0.0037781006316676747 0.0018723905898817049 -0.0097825776990582425 0.004803852134004926 -0.013465727554748039 0.011138199809191446 0.0055102867685642258 -0.011648471977880848
leaf_weight=642 27 52 31 40 23 30 20 27 21 20 23 45 50 30 24 22 24 32 20 23 22 23 27 27 27 36 22 32 20 73
leaf_count=642 27 52 31 40 23 30 20 27 21 20 23 45 50 30 24 22 24 32 20 23 22 23 27 27 27 36 22 32 20 73
internal_value=0.00031759 0.00462329 0.0018617 -0.000134989 4.63306e-05 0.000230061 -0.000397914 -0.00416667 0.00168575 -0.00178571 0.000362797 0.00107527 0.00323171 -0.00157186 -0.00544872 0.00182584 -0.00972222 0.000114679 0.00275974 0.00677083 0.00681818 0.00271739 -0.00132979 0.00174051 -0.00694444 -0.000932836 -0.00527778 0.00402542 0.000663265 0.000472028
internal_weight=1535 146 94 1389 1349 1304 911 153 393 133 758 372 205 167 78 89 54 109 77 96 44 46 47 79 54 67 45 59 735 715
internal_count=1535 146 94 1389 1349 1304 911 153 393 133 758 372 205 167 78 89 54 109 77 96 44 46 47 79 54 67 45 59 735 715
is_linear=0
shrinkage=0.05


Tree=21
num_leaves=31
num_cat=0
split_feature=4 9 12 12 9 9 7 14 3 9 22 2 14 4 14 2 14 8 4 14 4 16 16 14 16 2 22 0 7 4
split_gain=1.03659 0.70586 0.507096 1.06854 0.375028 0.572885 0.749418 1.17161 1.07347 0.502595 1.15556 0.501785 0.470383 0.466389 0.42659 0.947368 0.81 0.424982 0.548112 1.00513 0.922544 0.817879 0.723193 0.537077 0.66119 0.603881 0.505978 1.04875 0.520833 0.598157
threshold=37500.000000000007 6875.0000000000009 37500.000000000007 26500.000000000004 -11499.999999999998 -874.99999999999989 92.600000000000009 4.5000000000000009 88.350000000000009 -3249.9999999999995 1.5000000000000002 17.500000000000004 1.5000000000000002 18875.000000000004 15.500000000000002 8.5000000000000018 26.500000000000004 27250.000000000004 23625.000000000004 5.5000000000000009 10250.000000000002 24250.000000000004 32250.000000000004 1.0000000180025095e-35 20125.000000000004 4.5000000000000009 1.5000000000000002 17000.000000000004 89.750000000000014 18375.000000000004
decision_type=2 2 2 2 2 2 2 2 2 2 2 2 2 2 2 2 2 2 2 2 2 2 2 2 2 2 2 2 2 2
left_child=1 2 3 4 -1 6 7 -6 -9 10 12 -11 -8 -13 17 -16 -17 18 20 23 22 26 -7 25 -25 -20 28 -28 -22 -30
right_child=-2 -3 -4 -5 5 14 9 8 -10 11 -12 13 -14 -15 15 16 -18 -19 19 -21 21 -23 -24 24 -26 -27 27 -29 29 -31
leaf_value=0.0075573008279557225 0.014782051792434879 0.015467735629194339 0.0038403903126106743 -0.020976479899823049 -0.007338971957639967 0.00047462719679653852 -0.014625495492801389 -0.0038333878147731012 0.025724610305310248 -0.017929873351240504 0.0034356701972102751 -0.010425455243248435 -0.00013264228801528887 0.0014053152406217741 -0.0085550566913283974 -0.025415521543055264 0.018758270396266458 0.010208737471211309 -0.0095855196188139036 0.0073795052440247203 0.019613930116798128 0.013506845860155573 -0.0065600165587651376 -0.030183513799331457 -0.0021136361559264349 0.0048516664680537426 -0.012670338236752314 0.0064270314268756769 0.015347942590630251 -0.03434593417026529
leaf_weight=24 67 25 32 21 39 524 20 23 36 38 35 24 21 23 50 20 25 69 25 26 32 63 36 20 37 48 35 33 41 23
leaf_count=24 67 25 32 21 39 524 20 23 36 38 35 24 21 23 50 20 25 69 25 26 32 63 36 20 37 48 35 33 41 23
internal_value=0.000447883 0.0001703 2.59875e-05 -0.000115167 5.39568e-05 -5.49048e-05 -0.00217181 0.00127551 0.00572034 -0.00427019 -0.00131579 -0.00691176 -0.0070122 -0.00345745 0.000440379 -0.00276316 0.0025 0.000741107 0.000463945 -0.00224359 0.00100064 0.00368943 -8.92857e-05 -0.00403846 -0.00767544 -0.00119863 0.00182927 -0.00147059 0.00416667 0.0015625
internal_weight=1535 1468 1443 1411 1390 1366 259 98 59 161 76 85 41 47 1107 95 45 1012 943 156 787 227 560 130 57 73 164 68 96 64
internal_count=1535 1468 1443 1411 1390 1366 259 98 59 161 76 85 41 47 1107 95 45 1012 943 156 787 227 560 130 57 73 164 68 96 64
is_linear=0
shrinkage=0.05


Tree=22
num_leaves=31
num_cat=0
split_feature=19 20 20 13 9 9 22 0 19 0 4 16 16 5 16 14 16 4 3 9 13 22 0 4 16 5 16 22 5 16
split_gain=0.830942 0.640822 0.782364 0.558168 0.461375 0.652542 0.756967 1.42186 1.15846 0.859596 0.721569 0.714043 0.848102 0.66427 1.1646 1.15677 0.872093 0.669127 0.64605 0.632879 0.850067 0.495501 0.491434 0.384314 0.517927 0.340464 0.384777 0.468085 0.335216 0.327028
threshold=10.194283464224521 10.532033986219956 10.184759729570052 14.500000000000002 -12374.999999999998 -874.99999999999989 1.5000000000000002 17000.000000000004 9.9640900296407295 17000.000000000004 15500.000000000002 31250.000000000004 16750.000000000004 6.5000000000000009 25750.000000000004 14.500000000000002 20750.000000000004 10750.000000000002 76.40000000000002 -4374.9999999999991 6.5000000000000009 1.5000000000000002 5500.0000000000009 8625.0000000000018 16250.000000000002 9.5000000000000018 23250.000000000004 1.5000000000000002 2.5000000000000004 20125.000000000004
decision_type=2 2 2 2 2 2 2 2 2 2 2 2 2 2 2 2 2 2 2 2 2 2 2 2 2 2 2 2 2 2
left_child=1 2 4 25 -1 13 9 8 10 23 18 12 28 16 15 19 17 -6 -8 -15 -21 -18 -19 24 -7 26 27 -2 -9 -11
right_child=3 -3 -4 -5 5 6 7 11 -10 29 -12 -13 -14 14 -16 -17 21 22 -20 20 -22 -23 -24 -25 -26 -27 -28 -29 -30 -31
leaf_value=0.0071794357865579365 0.017156289446216135 0.0086060764691948243 -0.020601772692791356 -0.0006203454717810628 0.00213349405965389 -0.0015898189028327597 -0.017060353662256802 0.0025847638108354083 0.010039433064904039 -0.0016158119271048211 -0.024451860353183787 -0.0034474783041999915 0.00692564113304795 0.0060358932532718589 0.010111148834678644 0.0071981418773247405 -0.014964986838522121 -0.017728373024540563 -0.0073530735860929709 -0.010863516749972036 -0.033762459364872065 -0.01436174986656118 -0.00012125831785517183 0.0085540536390568411 0.022152071586329654 0.026348166048931289 0.0046594020701145236 0.0096983005976507414 -0.0086529579203543216 0.004918370465353596
leaf_weight=20 22 29 20 31 37 30 35 247 36 279 30 35 61 30 23 27 20 26 50 32 21 23 23 85 21 26 42 25 22 127
leaf_count=20 22 29 20 31 37 30 35 247 36 279 30 35 61 30 23 27 20 26 50 32 21 23 23 85 21 26 42 25 22 127
internal_value=0.000350163 -2.69978e-05 -0.000183824 0.00393836 -3.73134e-05 -0.000151515 0.000401701 -0.000968992 -0.00504967 0.00170664 -0.0075 0.000719178 0.00143939 -0.0023855 9.3985e-05 -0.00204545 -0.00494186 -0.00203488 -0.00514706 -0.00496988 -0.00825472 -0.0107558 -0.00586735 0.00514706 0.00171569 0.00554348 0.00407303 0.00718085 0.000232342 0.000554187
internal_weight=1535 1389 1360 146 1340 1320 1058 516 151 542 115 365 330 262 133 110 129 86 85 83 53 43 49 136 51 115 89 47 269 406
internal_count=1535 1389 1360 146 1340 1320 1058 516 151 542 115 365 330 262 133 110 129 86 85 83 53 43 49 136 51 115 89 47 269 406
is_linear=0
shrinkage=0.05


Tree=23
num_leaves=31
num_cat=0
split_feature=8 13 8 1 16 16 5 4 14 16 16 6 12 1 14 13 6 22 3 8 6 2 13 2 13 3 4 0 1 4
split_gain=0.771692 0.558168 0.541404 0.46281 0.454354 1.21586 1.05747 0.970274 0.582773 1.0129 2.33802 1.2803 1.04563 0.582421 0.548193 0.533715 0.757242 0.494505 1.21 0.463247 0.432816 0.650004 0.541028 1.06246 0.499617 0.854398 0.428121 0.746136 0.509497 0.422246
threshold=26750.000000000004 14.500000000000002 24750.000000000004 41.500000000000007 29250.000000000004 20125.000000000004 13.500000000000002 12250.000000000002 29.000000000000004 14250.000000000002 15750.000000000002 4.5000000000000009 14500.000000000002 12.500000000000002 5.5000000000000009 4.5000000000000009 4.5000000000000009 1.5000000000000002 94.250000000000014 20750.000000000004 16.500000000000004 12.500000000000002 3.5000000000000004 17.500000000000004 3.5000000000000004 99.15000000000002 15500.000000000002 17000.000000000004 4.5000000000000009 4875.0000000000009
decision_type=2 2 2 2 2 2 2 2 2 2 2 2 2 2 2 2 2 2 2 2 2 2 2 2 2 2 2 2 2 2
left_child=2 -2 3 4 5 8 15 13 9 12 -11 -12 19 14 -7 17 -17 -6 -19 20 21 24 23 -23 26 -26 29 -28 -29 -1
right_child=1 -3 -4 -5 6 7 -8 -9 -10 10 11 -13 -14 -15 -16 16 -18 18 -20 -21 -22 22 -24 -25 25 -27 27 28 -30 -31
leaf_value=0.002455525620293639 0.013115610091654937 -0.00058932819819200943 -0.005448835652929457 -0.014871934003619325 0.016532288792674661 0.008757797430735445 0.0039533426059929601 0.0084999043007306912 0.012137715667341786 -0.038190637174180538 -0.014617242446212901 0.0025889597998901299 -0.017598709913857258 -0.0031740255576482635 -0.0067253253426230513 -0.00055856799884321522 -0.016434906434596854 0.0050972118262334852 -0.0073513523084592358 0.005079824294026071 -0.012095642452020348 0.011576225531132068 0.0040087468749767678 -0.002450048508326183 0.0019348816743569614 -0.013410784376141949 -0.020910867390634597 -0.0064578163065947269 0.0040710817030268761 0.0075733414869912493
leaf_weight=353 115 31 45 40 39 38 23 104 28 20 44 64 22 21 49 49 25 20 25 28 38 23 35 38 23 20 22 45 62 46
leaf_count=353 115 31 45 40 39 38 23 104 28 20 44 64 22 21 49 49 25 20 25 28 38 23 35 38 23 20 22 45 62 46
internal_value=0.000480456 0.00393836 0.000116991 0.000297619 0.000460123 0.000834817 -0.00186464 0.00424528 4.11636e-05 -0.000184032 -0.00429688 -0.00138889 0.000513245 0.000925926 0.00272989 -0.00332278 -0.00641892 -0.000595238 -0.00416667 0.000835607 0.000585106 0.00088081 0.0046875 0.00184426 0.000240806 -0.00494186 0.000662879 -0.00184109 -0.000116822 0.00147243
internal_weight=1535 146 1389 1344 1304 1123 181 212 911 883 128 108 755 108 87 158 74 84 45 733 705 667 96 61 571 43 528 129 107 399
internal_count=1535 146 1389 1344 1304 1123 181 212 911 883 128 108 755 108 87 158 74 84 45 733 705 667 96 61 571 43 528 129 107 399
is_linear=0
shrinkage=0.05


Tree=24
num_leaves=31
num_cat=0
split_feature=8 5 21 15 6 21 1 21 10 13 8 11 3 21 17 9 1 14 13 2 21 21 2 18 18 13 3 5 6 6
split_gain=0.826486 0.748961 0.417864 0.763119 0.980818 0.913599 1.00002 0.602046 1.17775 0.855119 0.810298 0.895655 0.421603 0.416667 0.827586 0.403327 0.491623 0.403244 0.885466 0.386023 0.837017 0.430108 0.272214 1.01421 0.337114 0.601653 0.434993 0.432518 0.270651 0.544614
threshold=32250.000000000004 5.5000000000000009 9.909748502658811 88.700000000000017 13.500000000000002 10.2488449780829 12.500000000000002 9.2348330683412581 1.0000000180025095e-35 45.500000000000007 7500.0000000000009 1.0000000180025095e-35 96.950000000000003 9.6645331581120875 8.4058463901380716 -5124.9999999999991 26.500000000000004 11.500000000000002 3.5000000000000004 5.5000000000000009 10.03230400193817 10.13657202455712 3.5000000000000004 10.070089083128961 8.8882999494734189 2.5000000000000004 95.750000000000014 10.500000000000002 8.5000000000000018 4.5000000000000009
decision_type=2 2 2 2 2 2 2 2 2 2 2 2 2 2 2 2 2 2 2 2 2 2 2 2 2 2 2 2 2 2
left_child=2 -2 7 -4 5 6 19 8 15 10 13 12 -12 -9 -15 -1 22 18 -14 20 -5 -21 23 -17 -24 26 -26 -28 29 -7
right_child=1 -3 3 4 -6 28 -8 9 -10 -11 11 -13 17 14 -16 16 -18 -19 -20 21 -22 -23 24 -25 25 -27 27 -29 -30 -31
leaf_value=0.0094507008153330643 0.013541009127873642 -0.00075286130189827771 -0.0064996715237933544 -0.0084878000812423967 0.013219346317868764 -0.00010477807541861839 -0.001655011404257889 -0.021171010128189716 -0.0093266651881145964 0.010796639982523233 0.001382492960138375 0.005894997806445177 -0.026778726863254221 0.0027529520510353178 -0.013645457333126238 0.0023327493392789555 -0.0097932628882174723 -0.023585359574325417 0.0091229642423690648 0.0060431263610201263 0.0080843594036606077 0.010796076260438934 0.0087783255827909162 -0.0084011539592090175 -0.0022947710099692708 -0.0094614533160127089 0.0049966737578187072 0.02221819388739962 0.0039159860794863123 -0.015613161112867008
leaf_weight=27 35 23 26 32 64 128 33 36 33 25 30 23 34 25 29 396 34 22 33 32 55 30 23 25 38 25 119 23 36 41
leaf_count=27 35 23 26 32 64 128 33 36 33 25 30 23 34 25 29 396 34 22 33 32 55 30 23 25 38 25 119 23 36 41
internal_value=0.000610749 0.00646552 0.00038084 0.00159853 0.00207871 0.00113049 0.00370879 -0.0002 0.000521534 -0.00228599 -0.00323276 -0.000880282 -0.00262605 -0.00694444 -0.00416667 0.000950704 0.000713763 -0.00435393 -0.00242537 0.00545302 0.0033046 0.00846774 0.0010208 0.000267221 0.00241228 0.00176829 0.00277778 0.0040493 -0.00115854 -0.00199704
internal_weight=1535 58 1477 477 451 387 182 1000 743 257 232 142 119 90 54 710 683 89 67 149 87 62 649 421 228 205 180 142 205 169
internal_count=1535 58 1477 477 451 387 182 1000 743 257 232 142 119 90 54 710 683 89 67 149 87 62 649 421 228 205 180 142 205 169
is_linear=0
shrinkage=0.05


Tree=25
num_leaves=31
num_cat=0
split_feature=4 1 1 7 7 22 14 9 9 17 14 13 7 10 4 7 4 1 14 13 8 13 8 22 13 1 4 1 22 5
split_gain=0.837717 0.729555 0.676709 0.765801 0.705975 1.08306 0.871204 0.584384 0.579334 0.544378 0.642482 1.1327 0.542796 0.892288 0.613946 0.590719 0.50936 0.816432 0.683585 0.658267 1.01291 0.45377 0.437675 0.944444 0.424676 0.746057 0.73629 0.663598 0.768254 0.657527
threshold=12250.000000000002 3.5000000000000004 4.5000000000000009 70.500000000000014 93.950000000000003 1.5000000000000002 4.5000000000000009 -2199.9999999999995 -1.0000000180025095e-35 8.4058463901380716 4.5000000000000009 7.5000000000000009 94.950000000000017 1.0000000180025095e-35 22250.000000000004 97.850000000000009 31250.000000000004 9.5000000000000018 17.500000000000004 1.0000000180025095e-35 15750.000000000002 3.5000000000000004 14500.000000000002 1.5000000000000002 1.5000000000000002 8.5000000000000018 17750.000000000004 15.500000000000002 1.5000000000000002 9.5000000000000018
decision_type=2 2 2 2 2 2 2 2 2 2 2 2 2 2 2 2 2 2 2 2 2 2 2 2 2 2 2 2 2 2
left_child=2 22 9 -4 6 21 -5 -8 -7 -1 -11 -12 16 15 -15 -14 18 -18 19 20 -3 -6 23 -2 25 -17 -26 -27 -29 -28
right_child=1 12 3 4 5 8 7 -9 -10 10 11 -13 13 14 -16 24 17 -19 -20 -21 -22 -23 -24 -25 26 27 29 28 -30 -31
leaf_value=0.0093061347505470713 0.0088844029276076934 0.0056555488114402776 -0.019511449522659537 -0.0064101157525221809 0.019752998454182831 -0.0082543999275740063 0.020976716991316625 -0.00027599222152621948 -0.033071424504268081 2.0159663484442539e-05 -0.0277308382424452 0.0029677639102503209 -0.020488851530167246 -0.021126291681853721 0.0040468145560730142 -0.007333476515940779 0.025161835265706756 -0.0078994808679181665 -0.013840795685855549 0.011235862534350499 -0.011486665742888492 -0.0075337014447002318 -0.011922303838373985 -0.015116196102187094 0.010966533491910383 0.018569795341926706 -4.7745373853061435e-05 -0.0096996352642494295 0.013330447841507715 0.005153618655948179
leaf_weight=31 36 46 22 27 33 26 25 23 29 445 38 56 24 28 21 37 31 44 26 106 20 38 51 32 36 37 117 21 24 62
leaf_count=31 36 46 22 27 33 26 25 23 29 445 38 56 24 28 21 37 31 44 26 106 20 38 51 32 36 37 117 21 24 62
internal_value=-0.000157035 0.000985607 -0.00130832 -0.0036435 -0.00267413 -0.00496032 0.00116667 0.00520833 -0.0102273 -0.000394737 -0.000765306 -0.00452128 0.00161765 0.000460688 -0.00586735 0.00132682 0.00334249 -0.000166667 0.00467172 0.00581395 0.00189394 -0.000880282 -0.00262605 0 0.00187126 -0.00052521 0.00319767 0.00213415 -0.00194444 0.00188547
internal_weight=1592 799 793 223 201 126 75 48 55 570 539 94 680 407 49 358 273 75 198 172 66 71 119 68 334 119 215 82 45 179
internal_count=1592 799 793 223 201 126 75 48 55 570 539 94 680 407 49 358 273 75 198 172 66 71 119 68 334 119 215 82 45 179
is_linear=0
shrinkage=0.05


Tree=26
num_leaves=31
num_cat=0
split_feature=4 2 0 1 16 15 1 3 7 0 16 5 16 8 13 16 13 13 16 22 8 5 22 8 4 16 16 16 13 16
split_gain=0.749784 0.905275 0.48538 0.87379 1.63715 0.685079 0.680741 0.68733 0.761506 0.820513 0.52108 0.509723 0.453814 0.50883 0.444765 0.429762 0.418769 0.803524 0.794415 0.536892 0.613711 0.531265 0.393813 0.371883 0.903627 0.839262 0.479203 0.6 0.476753 0.452525
threshold=20250.000000000004 20.500000000000004 5500.0000000000009 28.500000000000004 31250.000000000004 92.750000000000014 26.500000000000004 94.250000000000014 84.500000000000014 4500.0000000000009 17750.000000000004 8.5000000000000018 44500.000000000007 19500.000000000004 8.5000000000000018 13750.000000000002 14.500000000000002 3.5000000000000004 19250.000000000004 1.5000000000000002 30500.000000000004 8.5000000000000018 1.5000000000000002 13250.000000000002 8625.0000000000018 21875.000000000004 15250.000000000002 21875.000000000004 1.0000000180025095e-35 13750.000000000002
decision_type=2 2 2 2 2 2 2 2 2 2 2 2 2 2 2 2 2 2 2 2 2 2 2 2 2 2 2 2 2 2
left_child=2 16 3 4 6 -5 7 8 9 -1 -7 14 13 23 -9 -13 17 19 -19 -2 -21 -18 -20 24 -4 29 28 -28 -25 -26
right_child=1 -3 12 5 -6 10 -8 11 -10 -11 -12 15 -14 -15 -16 -17 21 18 22 20 -22 -23 -24 26 25 -27 27 -29 -30 -31
leaf_value=0.0027933064708459635 0.0056116227353755488 0.025537499803282265 -0.00096237807347800412 -0.0083779066981853195 -0.019240286823322378 -0.0022085278067213859 -0.019192626889160083 -0.020890403277494168 0.010208894222826833 -0.015291102666065749 0.020216430930077686 0.0026437625062121608 -0.0040288189143684238 0.011428528672706668 -0.010476274393554426 -0.0030985540477581372 -0.0032378245817349469 0.010635032340218568 -0.0013861039058489886 -0.00042482263384364672 -0.017575275199689339 0.0032723948257643329 0.0059616053303117259 -0.0047450120964639374 0.0027144540599199798 0.0097967085703842688 0.01988674400797634 -0.0037391432171535346 -0.023251474509634093 -0.026586803801021675
leaf_weight=39 137 33 496 43 20 20 21 52 31 39 27 32 23 21 25 28 33 35 39 93 22 21 59 27 45 26 24 40 20 21
leaf_count=39 137 33 496 43 20 20 21 52 31 39 27 32 23 21 25 28 33 35 39 93 22 21 59 27 45 26 24 40 20 21
internal_value=-0.000188442 0.00148305 -0.000892857 -0.00235411 -0.00370209 0.00194444 -0.00266854 -0.00193089 0.00103211 -0.00160256 0.00611702 -0.00428832 -0.000151413 6.94444e-05 -0.00698052 -0.000833333 0.000882688 0.00146104 0.00460526 -0.000198413 -0.00271739 -0.00324074 0.00229592 -0.000160944 0.000340136 0.0048913 -0.00281532 0 -0.00664894 0.00189394
internal_weight=1592 472 1120 377 287 90 267 246 109 78 47 137 743 720 77 60 439 385 133 252 115 54 98 699 588 92 111 64 47 66
internal_count=1592 472 1120 377 287 90 267 246 109 78 47 137 743 720 77 60 439 385 133 252 115 54 98 699 588 92 111 64 47 66
is_linear=0
shrinkage=0.05


Tree=27
num_leaves=31
num_cat=0
split_feature=4 1 16 3 3 14 3 0 14 13 22 9 7 16 3 13 8 10 9 13 16 22 1 8 8 16 16 4 1 4
split_gain=0.687565 1.2446 0.915381 0.755569 0.873766 0.977375 0.76975 0.603711 0.880806 1.23769 0.542104 0.454325 0.4 0.393765 0.370765 0.371071 0.707573 0.780518 0.664004 0.600116 0.839971 0.642353 0.768002 0.481553 0.484949 0.480375 0.875371 0.534545 0.474506 0.411363
threshold=8625.0000000000018 5.5000000000000009 11750.000000000002 97.40000000000002 90.250000000000014 17.500000000000004 87.350000000000009 4500.0000000000009 4.5000000000000009 7.5000000000000009 1.5000000000000002 9875.0000000000018 88.100000000000009 26625.000000000004 97.950000000000017 4.5000000000000009 36000.000000000007 1.0000000180025095e-35 750.00000000000011 13.500000000000002 29250.000000000004 1.5000000000000002 8.5000000000000018 25250.000000000004 8375.0000000000018 10625.000000000002 21625.000000000004 16750.000000000004 6.5000000000000009 23625.000000000004
decision_type=2 2 2 2 2 2 2 2 2 2 2 2 2 2 2 2 2 2 2 2 2 2 2 2 2 2 2 2 2 2
left_child=1 7 -3 4 5 6 -2 -1 -9 -10 -4 14 -8 -11 -5 16 17 23 19 20 -17 22 -21 24 29 27 -27 -26 -28 -16
right_child=3 2 10 11 -6 -7 12 8 9 13 -12 -13 -14 -15 15 18 -18 -19 -20 21 -22 -23 -24 -25 25 26 28 -29 -30 -31
leaf_value=0.002904176351452663 0.010392140384668746 0.00053675188522783746 -0.0078525248841261538 -0.013711648912777808 0.0076668574785147235 -0.02348683334236433 -0.018540616672018857 6.7270583984119225e-05 -0.026017496578939849 -0.016706077536845772 -0.020334280137873945 0.023391516930763648 0.0059058246365174018 0.0075798721416389606 0.0053547715438884008 0.0059022084770229133 -0.013249542162641592 -0.024377392396111901 0.015766698259376145 -0.0066919774596331501 -0.011556630234171623 0.0022140111733927022 -0.00034147706518429803 0.0087010236588936397 0.008296113069923226 -0.019374465105316169 -0.006779845529286066 -0.0014248129583832787 0.015698828549768628 -0.00025226239692436523
leaf_weight=32 39 34 22 24 126 20 20 440 36 29 26 20 20 28 58 107 20 20 21 21 37 42 20 51 20 39 21 55 32 112
leaf_count=32 39 34 22 24 126 20 20 440 36 29 26 20 20 28 58 107 20 20 21 21 37 42 20 51 20 39 21 55 32 112
internal_value=0 -0.0012558 -0.0070122 0.000859788 0.00338889 -0.000126263 0.00237342 -0.000420354 -0.000820826 -0.00524194 -0.0114583 6.94444e-05 -0.0025 -0.000657895 -0.000142857 7.39645e-05 -0.000817757 -0.000367647 0.0016129 0.000825991 0.00277778 -0.00256024 -0.0070122 0.000128866 -0.00055638 -0.00247006 -0.0048913 0.0005 -0.000707547 0.00132353
internal_weight=1592 647 82 945 225 99 79 565 533 93 48 720 40 57 700 676 428 408 248 227 144 83 41 388 337 167 92 75 53 170
internal_count=1592 647 82 945 225 99 79 565 533 93 48 720 40 57 700 676 428 408 248 227 144 83 41 388 337 167 92 75 53 170
is_linear=0
shrinkage=0.05


end of trees

feature_importances:
vendor_median_price_36m=129
sire_sold_count_36m=84
vendor_sold_count_36m=79
sire_median_price_36m=76
sire_median_price_12m=68
sex_encoded=54
sire_clearance_rate_36m=40
vendor_total_offered_36m=37
sire_sold_count_12m=35
sire_total_offered_12m=34
sire_momentum=33
log_sire_median_price_36m=30
session_median_price=24
vendor_clearance_rate_36m=24
sire_total_offered_36m=20
sire_clearance_rate_12m=18
dam_progeny_median_price=14
log_vendor_median_price_36m=13
log_sire_median_price_12m=8
vendor_volume_bucket_encoded=6
dam_progeny_sold_count=4
log_session_median_price=3
sale_company_encoded=3
dam_progeny_total_offered_count=2
log_dam_progeny_median_price=2

parameters:
[boosting: gbdt]
[objective: quantile]
[metric: quantile]
[tree_learner: serial]
[device_type: cpu]
[data_sample_strategy: bagging]
[data: ]
[valid: ]
[num_iterations: 500]
[learning_rate: 0.05]
[num_leaves: 31]
[num_threads: 0]
[seed: 0]
[deterministic: 0]
[force_col_wise: 0]
[force_row_wise: 0]
[histogram_pool_size: -1]
[max_depth: -1]
[min_data_in_leaf: 20]
[min_sum_hessian_in_leaf: 0.001]
[bagging_fraction: 0.8]
[pos_bagging_fraction: 1]
[neg_bagging_fraction: 1]
[bagging_freq: 5]
[bagging_seed: 3]
[bagging_by_query: 0]
[feature_fraction: 0.8]
[feature_fraction_bynode: 1]
[feature_fraction_seed: 2]
[extra_trees: 0]
[extra_seed: 6]
[early_stopping_round: 50]
[early_stopping_min_delta: 0]
[first_metric_only: 0]
[max_delta_step: 0]
[lambda_l1: 0]
[lambda_l2: 0]
[linear_lambda: 0]
[min_gain_to_split: 0]
[drop_rate: 0.1]
[max_drop: 50]
[skip_drop: 0.5]
[xgboost_dart_mode: 0]
[uniform_drop: 0]
[drop_seed: 4]
[top_rate: 0.2]
[other_rate: 0.1]
[min_data_per_group: 100]
[max_cat_threshold: 32]
[cat_l2: 10]
[cat_smooth: 10]
[max_cat_to_onehot: 4]
[top_k: 20]
[monotone_constraints: ]
[monotone_constraints_method: basic]
[monotone_penalty: 0]
[feature_contri: ]
[forcedsplits_filename: ]
[refit_decay_rate: 0.9]
[cegb_tradeoff: 1]
[cegb_penalty_split: 0]
[cegb_penalty_feature_lazy: ]
[cegb_penalty_feature_coupled: ]
[path_smooth: 0]
[interaction_constraints: ]
[verbosity: -1]
[saved_feature_importance_type: 0]
[use_quantized_grad: 0]
[num_grad_quant_bins: 4]
[quant_train_renew_leaf: 0]
[stochastic_rounding: 1]
[linear_tree: 0]
[max_bin: 255]
[max_bin_by_feature: ]
[min_data_in_bin: 3]
[bin_construct_sample_cnt: 200000]
[data_random_seed: 1]
[is_enable_sparse: 1]
[enable_bundle: 1]
[use_missing: 1]
[zero_as_missing: 0]
[feature_pre_filter: 1]
[pre_partition: 0]
[two_round: 0]
[header: 0]
[label_column: ]
[weight_column: ]
[group_column: ]
[ignore_column: ]
[categorical_feature: ]
[forcedbins_filename: ]
[precise_float_parser: 0]
[parser_config_file: ]
[objective_seed: 5]
[num_class: 1]
[is_unbalance: 0]
[scale_pos_weight: 1]
[sigmoid: 1]
[boost_from_average: 1]
[reg_sqrt: 0]
[alpha: 0.25]
[fair_c: 1]
[poisson_max_delta_step: 0.7]
[tweedie_variance_power: 1.5]
[lambdarank_truncation_level: 30]
[lambdarank_norm: 1]
[label_gain: ]
[lambdarank_position_bias_regularization: 0]
[eval_at: ]
[multi_error_top_k: 1]
[auc_mu_weights: ]
[num_machines: 1]
[local_listen_port: 12400]
[time_out: 120]
[machine_list_filename: ]
[machines: ]
[gpu_platform_id: -1]
[gpu_device_id: -1]
[gpu_use_dp: 0]
[num_gpu: 1]

end of parameters

pandas_categorical:[]
