tree
version=v4
num_class=1
num_tree_per_iteration=1
label_index=0
max_feature_idx=27
objective=quantile
feature_names=session_median_price sire_sold_count_36m sire_total_offered_36m sire_clearance_rate_36m sire_median_price_36m sire_sold_count_12m sire_total_offered_12m sire_clearance_rate_12m sire_median_price_12m sire_momentum dam_progeny_sold_count dam_progeny_total_offered_count dam_progeny_median_price vendor_sold_count_36m vendor_total_offered_36m vendor_clearance_rate_36m vendor_median_price_36m log_session_median_price log_sire_median_price_36m log_sire_median_price_12m log_dam_progeny_median_price log_vendor_median_price_36m sex_encoded vendor_volume_bucket_encoded sale_company_encoded sire_sample_flag_36m dam_first_foal_flag vendor_first_seen_flag
feature_infos=[4000:27000] [0:66] [0:71] [0:100] [0:88000] [0:28] [0:28] [0:100] [0:88000] [-34500:62000] [0:2] [0:2] [0:110000] [0:78] [0:84] [0:100] [0:110000] [8.2942996088572354:10.203629181337648] [0:11.385103457032141] [0:11.385103457032141] [0:11.608244735642321] [0:11.608244735642321] [0:4] [0:3] [0:1] [0:1] [0:1] [0:1]
tree_sizes=2775 2790 2813 2786 2790 2817 2802 2813 2787 2797 2803 2785

Tree=0
num_leaves=31
num_cat=0
split_feature=18 2 6 6 16 3 18 9 6 17 22 17 1 16 18 7 16 18 22 17 22 14 18 1 5 1 14 13 22 6
split_gain=7.33326 3.15198 2.7068 2.48432 2.09495 2.19742 1.94295 1.70515 1.82836 1.68686 2.44043 1.60115 1.56181 1.46607 1.37521 1.44424 1.24987 1.24537 1.12941 0.914123 0.860673 1.09573 0.852782 0.931038 0.85195 0.902678 0.683087 0.897037 0.956968 0.932282
threshold=10.13657202455712 1.0000000180025095e-35 7.5000000000000009 9.5000000000000018 17250.000000000004 96.050000000000026 10.448638563211228 4750.0000000000009 2.5000000000000004 8.6085372862042107 1.5000000000000002 9.576606045326292 6.5000000000000009 22250.000000000004 9.8908792882872074 93.950000000000003 15750.000000000002 10.34977465567655 1.5000000000000002 8.8435016069198209 1.5000000000000002 8.5000000000000018 10.621054219644728 7.5000000000000009 12.500000000000002 13.500000000000002 31.500000000000004 6.5000000000000009 1.5000000000000002 4.5000000000000009
decision_type=2 2 2 2 2 2 2 2 2 2 2 2 2 2 2 2 2 2 2 2 2 2 2 2 2 2 2 2 2 2
left_child=1 9 7 6 5 18 11 8 12 -1 -11 -2 13 -3 20 -16 -8 -13 -4 -17 -6 -22 -18 -24 25 -7 27 28 29 -10
right_child=3 2 4 -5 14 24 16 -9 26 10 -12 17 -14 -15 15 19 22 -19 -20 -21 21 -23 23 -25 -26 -27 -28 -29 -30 -31
leaf_value=0.033043895661830906 0.015922686457633974 -0.013118213415145874 -0.006810365058481694 0.021539145708084108 0.0077075339853763586 -0.0040021352469921112 0.027980789542198181 0.03465735912322998 -0.014384104311466217 -0.0061301160603761673 0.0052680257707834249 0.0063075033947825434 0.0091160781681537632 0.0047972751781344414 0.025015797466039658 0.020273254811763765 -0.0066765695810317993 -0.013118213415145874 -0.027502316236495974 -0.0040021352469921112 -0.014384104311466217 0.00094350818544626242 0.029500488936901093 0.0071550421416759491 -0.014384104311466217 0.020273254811763765 -0.045814538002014162 -0.020273254811763765 -0.03465735912322998 0
leaf_weight=38 41 83 34 40 63 25 47 23 27 209 251 66 27 38 22 23 21 53 51 24 23 34 22 21 71 27 21 66 57 32
leaf_count=38 41 83 34 40 63 25 47 23 27 209 251 66 27 38 22 23 21 53 51 24 23 34 22 21 71 27 21 66 57 32
internal_value=-0.00101266 -0.00269898 -0.00470169 0.00586817 -0.0018262 -0.00528846 0.00415129 -0.00775401 -0.00861823 0.000401606 -0.000434783 0.000625 -0.00439189 -0.00681818 0.00198413 0.0076087 0.00923423 -0.00231092 -0.0114706 0.00265957 -0.00125 -0.00570175 0.0046875 0.00872093 -0.00101626 0.00384615 -0.0116995 -0.0107143 -0.0133621 -0.00889831
internal_weight=1580 1269 771 311 397 208 271 374 351 498 460 160 148 121 189 69 111 119 85 47 120 57 64 43 123 52 203 182 116 59
internal_count=1580 1269 771 311 397 208 271 374 351 498 460 160 148 121 189 69 111 119 85 47 120 57 64 43 123 52 203 182 116 59
is_linear=0
shrinkage=0.05


Tree=1
num_leaves=31
num_cat=0
split_feature=4 6 4 6 4 0 21 3 4 7 21 9 3 0 22 15 4 13 4 4 1 22 13 6 8 4 22 4 0 11
split_gain=5.57091 2.41612 1.86319 2.04294 1.80446 1.48587 1.36881 1.75332 1.47249 1.25306 1.24987 1.23992 1.28728 1.20737 1.63287 1.53965 1.02752 1.00499 0.920785 0.852782 0.931038 0.718862 2.50824 1.667 1.42228 0.875049 0.691813 0.784516 0.661463 0.653071
threshold=25250.000000000004 9.5000000000000018 3625.0000000000005 7.5000000000000009 34500.000000000007 17000.000000000004 9.7555203729869451 91.050000000000026 19750.000000000004 93.950000000000003 9.6645331581120875 4750.0000000000009 99.15000000000002 5500.0000000000009 1.5000000000000002 93.550000000000011 31250.000000000004 7.5000000000000009 23875.000000000004 41000.000000000007 7.5000000000000009 1.5000000000000002 2.5000000000000004 15.500000000000002 11625.000000000002 18375.000000000004 1.5000000000000002 13250.000000000002 7000.0000000000009 1.0000000180025095e-35
decision_type=2 2 2 2 2 2 2 2 2 2 2 2 2 2 2 2 2 2 2 2 2 2 2 2 2 2 2 2 2 2
left_child=2 4 13 11 5 -2 7 -5 26 -10 -6 12 -4 15 17 -1 -7 -15 29 -12 -21 22 23 -9 -23 -26 -8 -28 -11 -14
right_child=1 -3 3 6 10 16 8 21 9 28 19 -13 18 14 -16 -17 -18 -19 -20 20 -22 24 -24 -25 25 -27 27 -29 -30 -31
leaf_value=-0.0016521947830915454 0.015126552134752275 0.020462188422679901 -0.021209454834461211 -0.033282243311405182 0.026581750065088273 0.0059921282250434173 0.0073221572861075406 0.031630538962781431 0.023765007592737676 0.019259592071175575 -0.0063427411019802097 0.032924491167068484 -0.0083968729525804517 -0.0088095723651349551 0.0050046244822442541 0.031391700878739361 -0.01246230274438858 0.007461547944694758 -0.020524954125285152 0.028025464490056041 0.0067972900345921522 0.0013751158118247989 -0.015397767052054407 -0.0016205174010246995 -0.02482207648456097 -0.013120346367359162 -0.023547357143834234 0.00033601490315049893 -0.0038020284846425056 0.0086907354928553102
leaf_weight=25 41 40 93 35 47 66 63 27 22 23 21 23 195 193 252 28 53 20 23 22 21 37 31 21 27 30 23 34 24 20
leaf_count=25 41 40 93 35 47 66 63 27 22 23 21 23 195 193 252 28 53 20 23 22 21 37 31 21 27 30 23 34 24 20
internal_value=3.16456e-05 0.00602894 -0.00143814 -0.00302929 0.00433579 0.0009375 -0.000566751 -0.00336538 0.00251323 0.00833333 0.00923423 -0.00579096 -0.006571 0.000868726 5.37634e-05 0.00801887 -0.00189076 -0.00316901 -0.00462185 0.0046875 0.00872093 -0.00130058 0.00221519 0.009375 -0.00425532 -0.00921053 -0.000833333 -0.00482456 0.0037234 -0.00360465
internal_weight=1580 311 1269 751 271 160 397 208 189 69 111 354 331 518 465 53 119 213 238 64 43 173 79 48 94 57 120 57 47 215
internal_count=1580 311 1269 751 271 160 397 208 189 69 111 354 331 518 465 53 119 213 238 64 43 173 79 48 94 57 120 57 47 215
is_linear=0
shrinkage=0.05


Tree=2
num_leaves=31
num_cat=0
split_feature=18 6 18 18 18 3 16 0 16 0 22 15 15 9 8 18 18 16 18 1 7 9 9 1 5 24 14 22 14 5
split_gain=5.39594 2.41612 1.80446 1.53247 1.51457 1.49437 1.83833 1.48587 1.24987 1.24019 1.76433 1.53965 1.11639 2.27518 1.30913 1.02752 0.902118 0.876783 0.852782 0.931038 0.726952 0.718303 0.695906 0.675088 0.926033 0.659092 0.861126 0.650966 0.623533 0.563509
threshold=10.13657202455712 9.5000000000000018 10.448638563211228 8.1952908355182768 9.0615903226807166 90.250000000000014 20750.000000000004 17000.000000000004 15750.000000000002 5500.0000000000009 1.5000000000000002 93.550000000000011 91.300000000000026 -5124.9999999999991 10750.000000000002 10.34977465567655 8.8882999494734189 18250.000000000004 10.621054219644728 7.5000000000000009 80.90000000000002 -3249.9999999999995 -4874.9999999999991 25.500000000000004 21.000000000000004 1.0000000180025095e-35 4.5000000000000009 1.5000000000000002 7.5000000000000009 5.5000000000000009
decision_type=2 2 2 2 2 2 2 2 2 2 2 2 2 2 2 2 2 2 2 2 2 2 2 2 2 2 2 2 2 2
left_child=3 2 7 9 16 6 20 -2 -4 11 28 -1 14 17 22 -9 21 -14 -10 -20 -6 -5 -7 25 -25 26 -15 -23 -11 -27
right_child=1 -3 8 4 5 12 -8 15 18 10 -12 -13 13 23 -16 -17 -18 -19 19 -21 -22 27 -24 24 -26 29 -28 -29 -30 -31
leaf_value=-0.0015695850439369681 0.014370224528014661 0.019439079001545907 0.025252662561833863 -0.031741074785590177 -0.037132043823599817 -0.023107543610036377 0.0033511996418237686 0.0056925218137912461 -0.006025604046881199 -0.0083690937468782062 0.0047543932581320409 0.02982211583480239 0.0048067330867052078 -5.0517569296062038e-05 -0.0012586311835329981 -0.011839187607169153 -0.023372977028135213 0.027749661253765226 0.026624191265553238 0.006457425532862545 -0.019121849559247495 0.008573940954171121 -0.012042459096759559 0.021523539390414955 -0.0059863190533360469 -0.010055662095546723 -0.024052188131958249 -0.027334702234715225 0.0070884705474600204 0.0018230402164626869
leaf_weight=25 41 40 47 22 21 22 29 66 21 193 252 28 21 28 119 53 24 26 22 21 40 36 70 23 24 83 31 33 20 99
leaf_count=25 41 40 47 22 21 22 29 66 21 193 252 28 21 28 119 53 24 26 22 21 40 36 70 23 24 83 31 33 20 99
internal_value=0.000126582 0.00602894 0.00433579 -0.00131994 -0.00276298 -0.00180818 -0.00777778 0.0009375 0.00923423 0.000772201 -5.37634e-05 0.00801887 -0.000824176 0.000970149 -0.00367299 -0.00189076 -0.00804348 0.0111702 0.0046875 0.00872093 -0.0127049 -0.00576923 -0.00815217 -0.000694444 0.00478723 -0.00176349 -0.00635593 -0.00326087 -0.00340376 -0.000274725
internal_weight=1580 311 271 1269 751 636 90 160 111 518 465 53 546 335 211 119 115 47 64 43 61 91 92 288 47 241 59 69 213 182
internal_count=1580 311 271 1269 751 636 90 160 111 518 465 53 546 335 211 119 115 47 64 43 61 91 92 288 47 241 59 69 213 182
is_linear=0
shrinkage=0.05


Tree=3
num_leaves=31
num_cat=0
split_feature=18 6 18 0 16 1 16 1 18 14 13 18 19 22 2 9 18 18 22 18 13 9 13 22 0 14 16 6 13 18
split_gain=4.99403 2.48432 1.61384 1.48587 1.43835 1.42907 1.93123 1.58523 2.30021 1.445 1.37036 1.56467 1.83055 1.26749 2.59096 1.32738 1.05189 1.72244 1.03599 1.02752 1.00253 1.44775 0.997989 1.35119 1.40757 1.09307 1.02497 0.968864 0.845626 1.41145
threshold=10.13657202455712 9.5000000000000018 10.448638563211228 17000.000000000004 15750.000000000002 1.5000000000000002 43250.000000000007 17.500000000000004 9.8908792882872074 5.5000000000000009 11.500000000000002 9.8652339568153877 9.6645331581120875 1.5000000000000002 5.5000000000000009 1.0000000180025095e-35 9.327965361916009 9.6481393218988831 1.5000000000000002 10.34977465567655 11.500000000000002 -5749.9999999999991 9.5000000000000018 1.5000000000000002 5500.0000000000009 5.5000000000000009 16750.000000000004 4.5000000000000009 1.5000000000000002 9.4531727383263675
decision_type=2 2 2 2 2 2 2 2 2 2 2 2 2 2 2 2 2 2 2 2 2 2 2 2 2 2 2 2 2 2
left_child=5 2 3 -2 -4 22 7 10 9 18 13 12 27 14 -7 28 -16 -18 -9 -5 -11 -22 23 24 -1 26 -26 -12 -15 -30
right_child=1 -3 4 19 -6 6 -8 8 -10 20 11 -13 -14 15 16 -17 17 -19 -20 -21 21 -23 -24 -25 25 -27 -28 -29 29 -31
leaf_value=0.027045856254850516 0.013651713301613928 0.018467125051468612 0.023990029433742167 0.0054078957231016829 0.0069742533303331581 -0.011514759373012931 0.0090182097624056049 -0.0075956141266971828 0.014683887853258058 0.018794118252512999 -0.016547367052268235 -0.020945103165099864 0.0079491487286984918 -0.025218034904636446 -0.011017372614890338 0.0033012826198711986 0.011513967949803919 0.0021860725466511213 -0.024657149629853669 -0.011247228226810693 -0.03162713116295636 0.0072884166350588205 0.021118150586495178 0.0045166735952254389 -0.0071872652375604964 -0.016173221235862002 0.0016119499497115608 -0.022823540151061025 -0.021452464776131094 0.00065285575710586274
leaf_weight=20 41 40 47 66 64 56 25 47 65 38 24 25 21 53 42 20 22 70 53 53 21 41 44 267 160 20 33 28 36 38
leaf_count=20 41 40 47 66 64 56 25 47 65 38 24 25 21 53 42 20 22 70 53 53 21 41 44 267 160 20 33 28 36 38
internal_value=0.000189873 0.00586817 0.00415129 0.0009375 0.00878378 -0.00120173 -0.00265517 -0.00314286 -9.43396e-05 -0.00275 -0.005 -0.0102041 -0.00650685 -0.00348665 -0.000789474 -0.00697279 0.00298507 0.00597826 -0.007 -0.00189076 0.0015 -0.00241935 0.000735294 0.0001 -0.0026824 -0.00387324 -0.00272021 -0.0115385 -0.00885827 -0.00540541
internal_weight=1580 311 271 160 111 1269 725 700 265 200 435 98 73 337 190 147 134 92 100 119 100 62 544 500 233 213 193 52 127 74
internal_count=1580 311 271 160 111 1269 725 700 265 200 435 98 73 337 190 147 134 92 100 119 100 62 544 500 233 213 193 52 127 74
is_linear=0
shrinkage=0.05


Tree=4
num_leaves=31
num_cat=0
split_feature=4 6 4 16 2 16 3 4 0 9 0 16 2 14 9 1 3 16 9 4 14 14 16 8 1 0 5 5 15 4
split_gain=5.16697 2.41612 1.48785 1.43835 1.39938 1.88267 1.46186 1.40871 1.37489 1.3049 1.13552 0.953796 1.66737 0.976506 0.860142 0.943947 1.3936 1.59223 0.853503 0.830592 0.776056 0.722026 1.42871 1.21787 1.10544 1.55955 1.37006 1.03469 0.759375 0.699076
threshold=25250.000000000004 9.5000000000000018 34500.000000000007 15750.000000000002 1.0000000180025095e-35 43250.000000000007 91.050000000000026 8625.0000000000018 17000.000000000004 -3249.9999999999995 5500.0000000000009 20750.000000000004 11.500000000000002 12.500000000000002 6875.0000000000009 24.500000000000004 96.950000000000003 18250.000000000004 1125.0000000000002 31250.000000000004 5.5000000000000009 7.5000000000000009 15750.000000000002 18750.000000000004 6.5000000000000009 17000.000000000004 12.500000000000002 1.0000000180025095e-35 98.550000000000011 41000.000000000007
decision_type=2 2 2 2 2 2 2 2 2 2 2 2 2 2 2 2 2 2 2 2 2 2 2 2 2 2 2 2 2 2
left_child=4 2 8 -4 10 6 11 9 -2 -8 -1 13 -13 -6 15 18 17 -17 21 -10 -11 24 -23 28 25 -9 -26 -27 -24 -5
right_child=1 -3 3 29 5 -7 7 14 19 20 -12 12 -14 -15 -16 16 -18 -19 -20 -21 -22 22 23 -25 26 27 -28 -29 -30 -31
leaf_value=0.027541946796810369 0.012969127636533229 0.01754376879889518 0.022790527962055059 -0.0060730365110537969 -0.013260467415049208 0.0085672992742853241 -0.029686571498142585 0.002896727347444976 0.005137500936946599 -0.013201459986707196 0.00061443113305605947 -0.023845801838391051 0.02078427787219931 -0.032524852395327764 0.01341365386601261 0.00070160253514535756 -0.0032364117620710744 0.03460991555718123 -0.01458264197133889 -0.01068486681547016 0.0087782175048114735 -0.020814325851155446 -0.012544954649702851 -0.019897848006844871 0.0072451505641735279 -0.011253308394360357 -0.003225537693398073 -0.036342585328589194 0.0019232291154249106 0.010306356225910132
leaf_weight=38 41 40 47 21 64 25 22 26 66 43 460 22 21 21 24 29 74 23 23 53 32 20 24 21 96 49 51 21 40 43
leaf_count=38 41 40 47 21 64 25 22 26 66 43 460 22 21 21 24 29 74 23 23 53 32 20 24 21 96 49 51 21 40 43
internal_value=0.000253165 0.00602894 0.00433579 0.00878378 -0.00116233 -0.00249676 -0.00294906 -0.00194175 0.00125 -0.00747423 0.000903614 -0.0078125 -0.00174419 -0.0108824 -0.000911708 -0.00135815 0.00238095 0.00865385 -0.00262803 -0.00147059 -0.00433333 -0.00201149 -0.00547619 -0.00264706 -0.000514403 -0.0046875 0.00221088 -0.00857143 0.00078125 0.00390625
internal_weight=1580 311 271 111 1269 771 746 618 160 97 498 128 43 85 521 497 126 52 371 119 75 348 105 85 243 96 147 70 64 64
internal_count=1580 311 271 111 1269 771 746 618 160 97 498 128 43 85 521 497 126 52 371 119 75 348 105 85 243 96 147 70 64 64
is_linear=0
shrinkage=0.05


Tree=5
num_leaves=31
num_cat=0
split_feature=18 8 2 9 13 22 9 8 13 22 0 1 8 13 13 18 18 14 13 9 5 18 5 7 13 8 13 7 1 18
split_gain=4.99723 2.9162 1.70012 1.2282 1.16893 1.16627 1.14894 0.915554 0.810153 1.16934 1.07239 0.754704 0.707903 1.49207 1.21693 0.785834 0.7328 0.725329 1.19655 0.821158 2.00292 1.12365 0.724282 0.711291 0.64142 0.609326 0.738462 1.53575 0.50867 0.508617
threshold=10.621054219644728 21750.000000000004 3.5000000000000004 -1.0000000180025095e-35 9.5000000000000018 2.5000000000000004 -10874.999999999998 24250.000000000004 5.5000000000000009 1.5000000000000002 7000.0000000000009 8.5000000000000018 17175.000000000004 8.5000000000000018 26.500000000000004 10.448638563211228 10.230986574717603 15.500000000000002 7.5000000000000009 -1.0000000180025095e-35 1.0000000180025095e-35 9.4531727383263675 21.000000000000004 97.850000000000009 1.5000000000000002 15750.000000000002 5.5000000000000009 45.000000000000007 8.5000000000000018 9.8908792882872074
decision_type=2 2 2 2 2 2 2 2 2 2 2 2 2 2 2 2 2 2 2 2 2 2 2 2 2 2 2 2 2 2
left_child=1 5 -3 -4 8 6 -1 -6 9 10 -5 -9 14 -14 15 16 17 18 22 21 -21 -20 25 -16 -11 26 29 -28 -2 -8
right_child=28 2 3 4 7 -7 12 11 -10 24 -12 -13 13 -15 23 -17 -18 -19 19 20 -22 -23 -24 -25 -26 -27 27 -29 -30 -31
leaf_value=0.031321638493479451 0.017089963159768261 -0.012211028519615183 0.022523745345135689 0.039994797325984252 -0.018123871349885478 0.0042601183588113637 -0.0059168054389307804 -0.012211028519615183 0.016121273698039337 -0.0067113365636611343 0.0055094029702823615 0.0091665438634184106 0.0045116636973597342 -0.01181194624322484 0.0038016205208224493 0.0046125836339149396 -0.014981869896390099 -0.029270788833345076 -0.023002938929774369 -0.0023803814189679987 0.019076962620004315 0.0052662685606510501 -0.024059542032188214 -0.005153510654212325 0.0080622270372066422 -0.015980412991892342 -0.036716116501520395 -0.00026412542207071235 0.015738282553164638 0.0028498539755376119
leaf_weight=33 39 24 20 23 20 154 488 21 22 24 37 20 103 31 38 21 60 40 25 51 21 26 21 21 23 31 23 22 20 52
leaf_count=33 39 24 20 23 20 154 488 21 22 24 37 20 103 31 38 21 60 40 25 51 21 26 21 21 23 31 23 22 20 52
internal_value=-0.000289575 -0.000852843 0.0042735 0.00571429 0.00447368 -0.00180412 -0.00237127 -0.00122951 0.00717054 0.00537383 0.01 0.00304878 -0.00265363 0.000746269 -0.0031383 -0.00360386 -0.00383721 -0.0034375 -0.00309211 0.00142276 0.00486111 -0.00343137 -0.00396389 0.00381356 -0.000531915 -0.0036526 -0.0032906 -0.00944444 0.0139831 -0.00277778
internal_weight=1554 1495 234 210 190 1261 1107 61 129 107 60 41 1074 134 940 881 860 800 760 123 72 51 637 59 47 616 585 45 59 540
internal_count=1554 1495 234 210 190 1261 1107 61 129 107 60 41 1074 134 940 881 860 800 760 123 72 51 637 59 47 616 585 45 59 540
is_linear=0
shrinkage=0.05


Tree=6
num_leaves=31
num_cat=0
split_feature=8 18 1 20 20 6 16 14 3 16 8 16 5 16 13 13 9 16 3 0 15 9 3 16 5 1 14 3 18 18
split_gain=4.82883 1.94966 1.46611 1.27193 1.62258 1.15572 1.37799 1.93767 1.25209 1.07768 1.15841 1.50972 1.53498 0.975474 0.840054 0.82735 0.704138 0.68621 0.66571 0.651748 0.625564 0.687633 0.929445 0.606158 0.595238 0.573745 0.554979 0.441845 0.446436 0.675189
threshold=26750.000000000004 10.498198465642895 3.5000000000000004 10.571013743467661 10.2488449780829 7.5000000000000009 17250.000000000004 15.500000000000002 84.90000000000002 18750.000000000004 21750.000000000004 25250.000000000004 11.500000000000002 28250.000000000004 18.500000000000004 2.5000000000000004 -4374.9999999999991 31250.000000000004 95.750000000000014 4500.0000000000009 92.000000000000014 -374.99999999999994 95.350000000000009 11250.000000000002 10.500000000000002 9.5000000000000018 2.5000000000000004 89.750000000000014 10.230986574717603 10.396659640047515
decision_type=2 2 2 2 2 2 2 2 2 2 2 2 2 2 2 2 2 2 2 2 2 2 2 2 2 2 2 2 2 2
left_child=1 3 -2 4 5 8 7 16 13 -8 11 18 -13 19 25 -15 -7 -17 -11 -1 21 -18 -23 -22 -12 26 -4 -10 -29 -30
right_child=2 -3 14 -5 -6 6 9 -9 27 10 24 12 -14 15 -16 17 20 -19 -20 -21 23 22 -24 -25 -26 -27 -28 28 29 -31
leaf_value=0.010084714057229886 -0.0022206371320418485 0.015613109837658012 0.0038748007225449113 0.0149099694329981 -0.019858954538573212 0.013230331977747985 0.02819108705429707 -0.017734976561841562 -0.019382359230087812 -0.0079592070420257503 0.0029793315151921702 0.016606107370475121 -0.00061383783596429074 -0.023023277462249594 0.0014474199457806766 -0.014988792661771253 0.0096921704420199015 0.005766437005057857 -0.012668905310394435 -0.00065900430750696318 -0.019927304435622885 -0.029469022158320809 0.013160228473854917 -0.00060645338955798663 0.027551264462991623 0.02228026071073385 0.0086796206662186539 -0.0071064372317363239 -0.014669555378131541 -0.00028545181172338343
leaf_weight=26 23 37 20 21 21 28 26 25 22 21 21 24 44 20 24 22 22 23 22 440 33 20 37 39 21 43 37 320 47 25
leaf_count=26 23 37 20 21 21 28 26 25 22 21 21 24 44 20 24 22 22 23 22 440 33 20 37 39 21 43 37 320 47 25
internal_value=-0.000289575 -0.00119048 0.00833333 -0.00149635 -0.00168643 -0.00146837 0.000848564 -0.00196078 -0.00240741 0.00405028 0.00245098 -0.000225225 0.00441176 -0.000800377 0.0104839 -0.00653846 -0.000139665 -0.00277778 -0.00755814 0 -0.00149007 0.00158228 -0.00131579 -0.00486111 0.00952381 0.0125 0.00921053 -0.0044686 -0.00408163 -0.00763889
internal_weight=1554 1407 147 1370 1349 1328 383 204 945 179 153 111 68 531 124 65 179 45 43 466 151 79 57 72 42 100 57 414 392 72
internal_count=1554 1407 147 1370 1349 1328 383 204 945 179 153 111 68 531 124 65 179 45 43 466 151 79 57 72 42 100 57 414 392 72
is_linear=0
shrinkage=0.05


Tree=7
num_leaves=31
num_cat=0
split_feature=8 9 1 16 8 6 22 1 6 1 16 13 22 13 6 7 3 9 15 3 13 6 13 6 0 16 7 3 8 16
split_gain=4.61503 1.47404 1.46611 0.946371 2.1184 1.64663 1.04723 1.07874 1.3222 1.53709 1.0325 0.840054 0.777596 1.26332 1.79854 1.52184 1.17173 1.04727 1.00728 1.39438 1.58595 1.37863 1.02963 1.02861 0.828197 1.46264 0.987148 0.745696 0.772689 0.715595
threshold=26750.000000000004 -12749.999999999998 3.5000000000000004 32750.000000000004 17875.000000000004 2.5000000000000004 2.5000000000000004 24.500000000000004 9.5000000000000018 36.000000000000007 16250.000000000002 18.500000000000004 1.0000000180025095e-35 2.5000000000000004 4.5000000000000009 65.15000000000002 94.250000000000014 -3249.9999999999995 98.550000000000011 91.450000000000017 10.500000000000002 9.5000000000000018 6.5000000000000009 5.5000000000000009 5500.0000000000009 15250.000000000002 95.450000000000017 92.600000000000009 17875.000000000004 38500.000000000007
decision_type=2 2 2 2 2 2 2 2 2 2 2 2 2 2 2 2 2 2 2 2 2 2 2 2 2 2 2 2 2 2
left_child=1 -1 -2 6 5 29 7 12 -9 10 -10 -4 13 14 15 -3 -16 -15 21 22 -21 23 -20 -14 26 -26 -19 -27 -29 -5
right_child=2 3 11 4 -6 -7 -8 8 9 -11 -12 -13 18 17 16 -17 -18 24 19 20 -22 -23 -24 -25 25 27 -28 28 -30 -31
leaf_value=0.027498113794029805 -0.0021096052754397561 0.0010680741704541103 0.012397130070676951 0.0069507900940593672 0.014836586977093863 -0.025975053579387855 0.0040800626562461431 -0.022962187402232007 0.0019570808294345444 -0.0077363843389714531 0.02280345733727155 0.0013750489484916425 -0.0084168490433768808 -0.018287202041281172 -0.00098172030026019231 -0.012629914994498503 0.018089447343991368 0.021716497246455913 0.015002718078428441 -0.011254926624592546 0.010387547070598344 -0.027490245628840216 -0.0028169737795970969 0.0049868255367011083 -0.014852570522033433 -0.011526586602448171 -0.011148726718509559 0.0087945784496488936 -0.010253013598329877 -0.0032952082525316306
leaf_weight=20 23 149 100 31 32 26 154 20 44 48 31 24 232 20 27 33 50 30 37 103 25 39 25 21 20 54 23 42 31 40
leaf_count=20 23 149 100 31 32 26 154 20 44 48 31 24 232 20 27 33 50 30 37 103 25 39 25 21 20 54 23 42 31 40
internal_value=-9.65251e-05 -0.000977257 0.00833333 -0.00117159 0.00290698 -0.000773196 -0.00158983 -0.00212862 0.00192308 0.00386179 0.00833333 0.0104839 -0.00273153 -0.0013048 0.00106178 -0.00164835 0.00746753 -0.00409091 -0.00414938 -0.00131579 -0.00429688 -0.00599315 0.00483871 -0.00464427 -0.003 -0.00493197 0.00235849 -0.00295276 0.000342466 0.00316901
internal_weight=1554 1407 147 1387 129 97 1258 1104 143 123 75 124 961 479 259 182 77 220 482 190 128 292 62 253 200 147 53 127 73 71
internal_count=1554 1407 147 1387 129 97 1258 1104 143 123 75 124 961 479 259 182 77 220 482 190 128 292 62 253 200 147 53 127 73 71
is_linear=0
shrinkage=0.05


Tree=8
num_leaves=31
num_cat=0
split_feature=8 4 1 1 1 16 8 22 14 14 1 16 15 1 14 4 4 8 14 4 7 1 8 17 14 4 14 8 16 8
split_gain=4.40608 1.8056 1.46611 1.29269 2.27656 1.14329 1.8615 1.28894 0.841154 0.840054 0.667859 0.759109 0.59597 0.573745 0.554979 0.533374 1.8509 0.912573 0.612712 2.89471 1.47025 1.86894 1.2323 0.971198 0.778704 0.612242 0.557294 0.496745 1.2298 1.02922
threshold=26750.000000000004 36250.000000000007 3.5000000000000004 28.500000000000004 36.000000000000007 32750.000000000004 17875.000000000004 2.5000000000000004 5.5000000000000009 20.000000000000004 6.5000000000000009 38500.000000000007 91.300000000000026 9.5000000000000018 2.5000000000000004 27750.000000000004 25250.000000000004 24250.000000000004 12.500000000000002 19250.000000000004 92.600000000000009 11.500000000000002 21250.000000000004 9.576606045326292 27.500000000000004 32750.000000000004 10.500000000000002 17050.000000000004 19250.000000000004 12750.000000000002
decision_type=2 2 2 2 2 2 2 2 2 2 2 2 2 2 2 2 2 2 2 2 2 2 2 2 2 2 2 2 2 2
left_child=1 3 -2 5 8 7 10 15 -5 13 11 -7 -6 14 -4 16 17 18 22 20 24 -22 26 -24 -20 -17 27 29 -29 -1
right_child=2 -3 9 4 12 6 -8 -9 -10 -11 -12 -13 -14 -15 -16 25 -18 -19 19 -21 21 -23 23 -25 -26 -27 -28 28 -30 -31
leaf_value=-0.0060105553967325634 -0.0020041250116677686 0.014484914841072144 0.003061204182883818 0.0037693712490588747 -0.014333482664703396 0.0029650916543618538 0.014141214800102459 0.0038760595234338365 0.025541723270885105 0.0013062965010670606 -0.024473318564786292 -0.0052719750945534735 0.00035606092450939146 0.020546391171663309 0.0076257831293738733 -0.013989481317747672 0.011597744682962602 -0.013648140732135479 -0.026774321745536369 -0.017633077934851468 0.0081770460986788432 -0.019295902477334266 0.015421885616207866 -0.0029552058153966346 0.0066677756984919612 -0.0030467176804234867 0.0075077715445856759 0.012693003551915364 -0.0064021479073713252 -0.014454315555355188
leaf_weight=545 23 37 20 26 22 27 31 154 24 24 21 38 34 43 37 47 39 21 30 25 21 32 27 20 24 22 31 51 24 34
leaf_count=545 23 37 20 26 22 27 31 154 24 24 21 38 34 43 37 47 39 21 30 25 21 32 27 20 24 22 31 51 24 34
internal_value=9.65251e-05 -0.000764037 0.00833333 -0.00105839 0.00424528 -0.00150316 0.00320513 -0.00198344 0.012 0.0104839 -0.000581395 0.00192308 -0.00267857 0.0125 0.00921053 -0.0026435 -0.00232684 -0.00279661 -0.0025463 -0.00568182 -0.0021028 -0.00801887 -0.00198087 0.00585106 0.0037037 -0.00688406 -0.00251825 -0.00282875 0.001 -0.0033247
internal_weight=1554 1407 147 1370 106 1264 117 1147 50 124 86 65 56 100 57 993 924 885 864 132 107 53 732 47 54 69 685 654 75 579
internal_count=1554 1407 147 1370 106 1264 117 1147 50 124 86 65 56 100 57 993 924 885 864 132 107 53 732 47 54 69 685 654 75 579
is_linear=0
shrinkage=0.05


Tree=9
num_leaves=31
num_cat=0
split_feature=4 8 16 1 13 1 9 8 3 8 1 4 16 13 8 9 1 7 8 17 4 4 4 13 8 8 5 5 15 9
split_gain=4.12969 2.18983 2.67033 1.80712 1.18073 1.06321 0.963863 0.936019 0.896913 0.831618 0.727662 1.63333 0.797786 0.638467 0.939624 1.40313 1.18336 0.616117 0.551566 0.541645 0.625417 0.6511 1.1725 0.535079 0.459216 0.407268 1.34958 0.567275 1.0557 0.567478
threshold=41000.000000000007 17375.000000000004 36500.000000000007 4.5000000000000009 8.5000000000000018 19.500000000000004 -10874.999999999998 27250.000000000004 95.100000000000009 23500.000000000004 18.500000000000004 20750.000000000004 20750.000000000004 26.500000000000004 13625.000000000002 1.0000000180025095e-35 10.500000000000002 97.850000000000009 30500.000000000004 10.184759729570052 34500.000000000007 23875.000000000004 19750.000000000004 21.500000000000004 37250.000000000007 9875.0000000000018 4.5000000000000009 6.5000000000000009 81.15000000000002 -3624.9999999999995
decision_type=2 2 2 2 2 2 2 2 2 2 2 2 2 2 2 2 2 2 2 2 2 2 2 2 2 2 2 2 2 2
left_child=1 6 3 -3 7 9 -1 8 -5 -6 11 -10 -13 14 15 19 -16 -15 -9 20 21 22 25 -11 -2 27 -27 29 -29 -8
right_child=24 2 -4 4 5 -7 13 18 10 23 -12 12 -14 17 16 -17 -18 -19 -20 -21 -22 -23 -24 -25 -26 26 -28 28 -30 -31
leaf_value=0.030974152531458549 0.011747247080263307 -0.0088523120539250096 0.019180349366642247 0.0080906176552517674 -0.01220817930167168 0.010832964840935141 -0.020958498596864064 0.012398312075990315 0.017757147820449591 -0.012823510630599819 -0.0070585038394679949 -0.018686102134041021 0.0043874033948068389 0.0034411356286628281 -0.02149419641868858 0.013028071405090444 -0.011050976045971307 -0.0049716179684705479 0.006285613752425665 0.00023261295770592716 0.0039004329553843004 -0.012471246705653237 0.0030598591789441957 0.0018094238790268753 0.027150647621765986 0.0035221694319372827 -0.026865728776038763 -0.029083361739352831 0.006955339534552199 -0.0039598819496368129
leaf_weight=31 27 39 28 34 21 23 45 34 32 24 37 22 26 39 36 24 50 21 22 242 21 88 31 22 32 24 31 25 56 367
leaf_count=31 27 39 28 34 21 23 45 34 32 24 37 22 26 39 36 24 50 21 22 242 21 88 31 22 32 24 31 25 56 367
internal_value=0.000160875 -0.000351171 0.00302198 0.00178571 0.00311448 -0.00166667 -0.00143678 0.00519324 0.0031457 -0.00485075 0.00106838 0.00375 -0.00208333 -0.00168182 -0.00197115 -0.00151992 -0.00697674 0.00333333 0.0107143 -0.00182796 -0.0025436 -0.00281109 -0.00220207 -0.00108696 0.0131356 -0.00273723 -0.00681818 -0.00228195 0.00154321 -0.00303398
internal_weight=1554 1495 364 336 297 90 1131 207 151 67 117 80 48 1100 1040 954 86 60 56 930 688 667 579 46 59 548 55 493 81 412
internal_count=1554 1495 364 336 297 90 1131 207 151 67 117 80 48 1100 1040 954 86 60 56 930 688 667 579 46 59 548 55 493 81 412
is_linear=0
shrinkage=0.05


Tree=10
num_leaves=31
num_cat=0
split_feature=4 1 16 4 5 16 13 5 16 23 8 15 16 4 4 12 1 6 16 17 16 14 13 15 16 4 15 6 8 1
split_gain=3.20944 1.44602 1.22869 1.83342 1.76284 1.54003 1.44375 1.30764 1.66886 1.17506 1.10363 0.991133 1.53351 0.880217 0.875758 0.812995 0.781587 1.30617 0.759145 0.669456 0.79795 0.573016 0.560897 0.481785 0.46429 0.623946 0.458165 1.30429 1.08093 1.0485
threshold=32750.000000000004 7.5000000000000009 22750.000000000004 1500.0000000000002 11.500000000000002 17250.000000000004 11.500000000000002 6.5000000000000009 38500.000000000007 2.5000000000000004 10750.000000000002 98.550000000000011 28250.000000000004 7250.0000000000009 17250.000000000004 11125.000000000002 19.500000000000004 10.500000000000002 28250.000000000004 9.576606045326292 29750.000000000004 8.5000000000000018 1.0000000180025095e-35 96.750000000000014 43250.000000000007 12750.000000000002 91.300000000000026 9.5000000000000018 23500.000000000004 11.500000000000002
decision_type=2 2 2 2 2 2 2 2 2 2 2 2 2 2 2 2 2 2 2 2 2 2 2 2 2 2 2 2 2 2
left_child=2 18 3 -1 13 6 9 11 16 10 -6 -4 -13 23 -7 26 17 21 22 -14 -21 -9 -2 -5 25 -22 27 28 29 -15
right_child=1 -3 7 4 5 14 -8 8 -10 -11 -12 12 19 15 -16 -17 -18 -19 -20 20 24 -23 -24 -25 -26 -27 -28 -29 -30 -31
leaf_value=0.0036706258993768476 0.0013178781916407412 0.022977334789200457 -0.013731729069366939 -0.010353586956396597 -0.033565659469572018 0.0022642635814083298 -0.01474906897535451 0.0087864245831819152 0.013776906531360079 -0.019234498690622007 0.0058466962796371157 0.013931845165799182 0.005018055815430366 -0.0044031126625359131 0.022395908952370182 0.0086021321348769882 0.010291316598888383 -0.011929444577509255 -0.0042540586049656442 -0.016785246925144246 0.0061044684196410598 0.00077378082847169658 0.018648283377816471 -0.025157651707909415 -0.0067276043521485368 -0.012607259265638463 -0.0066587586090818334 -0.021996572617691834 0.0067876293958348283 -0.012026996141318656
leaf_weight=405 24 48 34 32 20 20 23 24 20 32 58 63 49 107 24 28 43 36 21 20 25 21 28 34 20 22 173 23 26 45
leaf_count=405 24 48 34 32 20 20 23 24 20 32 58 63 49 107 24 28 43 36 21 20 25 21 28 34 20 22 173 23 26 45
internal_value=0.00106589 0.0088843 0.000402943 -0.00047619 -0.00213178 0.00211864 -0.00056391 0.00285146 0.00659722 0.00181818 0.00512821 0.000536481 0.00188442 -0.00373932 0.0102273 -0.0028607 0.00443548 0.00154321 0.00445205 -0.00110294 -0.00373563 0.00722222 0.00769231 -0.00909091 -0.0011194 0.00159574 -0.00347594 -0.0050995 -0.00365169 -0.00526316
internal_weight=1548 121 1427 1050 645 177 133 377 144 110 78 233 199 468 44 402 124 81 73 136 87 45 52 66 67 47 374 201 178 152
internal_count=1548 121 1427 1050 645 177 133 377 144 110 78 233 199 468 44 402 124 81 73 136 87 45 52 66 67 47 374 201 178 152
is_linear=0
shrinkage=0.05


Tree=11
num_leaves=31
num_cat=0
split_feature=18 22 15 16 6 9 1 5 16 16 7 1 5 2 1 18 16 9 16 9 16 16 16 22 5 3 22 9 18 15
split_gain=2.85409 1.94017 2.108 1.91726 2.0011 1.87536 1.18896 1.05571 0.912489 1.16548 1.44234 1.80375 0.921364 1.00129 0.900743 0.773244 0.759145 0.740228 0.917381 0.879465 1.25022 1.01601 1.27335 1.33914 0.821053 0.704911 0.634238 0.910084 0.572104 0.560897
threshold=10.396659640047515 2.5000000000000004 98.550000000000011 15250.000000000002 13.500000000000002 750.00000000000011 7.5000000000000009 3.5000000000000004 7250.0000000000009 32250.000000000004 93.350000000000009 17.500000000000004 10.500000000000002 9.5000000000000018 2.5000000000000004 9.7840979460134339 28250.000000000004 -5124.9999999999991 17750.000000000004 -624.99999999999989 23750.000000000004 28250.000000000004 22750.000000000004 1.5000000000000002 2.5000000000000004 97.40000000000002 1.5000000000000002 -1124.9999999999998 9.7840979460134339 78.90000000000002
decision_type=2 2 2 2 2 2 2 2 2 2 2 2 2 2 2 2 2 2 2 2 2 2 2 2 2 2 2 2 2 2
left_child=1 2 5 7 17 8 16 14 12 10 11 -10 13 -1 -4 -7 29 -5 -19 20 -20 22 24 -24 -21 -14 27 -15 -6 -2
right_child=6 -3 3 4 28 15 -8 -9 9 -11 -12 -13 25 26 -16 -17 -18 18 19 21 -22 -23 23 -25 -26 -27 -28 -29 -30 -31
leaf_value=-0.001910998318039551 0.0012519842820587039 0.0051265855515353481 -0.010237723015528 0.013100621774521572 0.00098576188383033502 0.021889380803350473 0.021828468049740431 -0.016899024604301961 -0.018101864916330049 0.0036548703174875408 -0.017207412780643777 0.0085553698628933889 -0.0014591486507386155 0.0052732563875183087 0.0082224558711451214 0.0034514073766281545 -0.0040413556747173618 0.011610358538707861 -0.015693561399975239 0.005556505498419604 0.0061909925854335777 -0.0041057441017579126 0.0017611694809538912 0.012228789936556995 -0.0061871820843794343 0.0074059233885835993 -0.020896743986807242 -0.011308591745321259 0.020204255276901478 0.017715869208925646
leaf_weight=300 24 149 28 32 25 20 48 87 44 24 70 28 25 21 23 26 21 22 20 40 22 155 43 38 38 43 27 30 47 28
leaf_count=300 24 149 28 32 25 20 48 87 44 24 70 28 25 21 23 26 21 22 20 40 22 155 43 38 38 43 27 30 47 28
internal_value=0.00109819 0.00047302 -0.000156495 0.00193548 0.00342324 -0.00212766 0.00847107 -0.00326087 -0.00285948 -0.0060241 -0.00774648 -0.00277778 -0.00168161 -0.0026455 0.00245098 0.0076087 0.00445205 0.00207317 0.00145503 0.000842697 -0.00595238 0.00175159 0.00455975 0.00895062 0 0.00367647 -0.00769231 -0.00441176 0.0111111 0.00769231
internal_weight=1548 1427 1278 620 482 658 121 138 612 166 142 72 446 378 51 46 73 410 378 356 42 314 159 81 78 68 78 51 72 52
internal_count=1548 1427 1278 620 482 658 121 138 612 166 142 72 446 378 51 46 73 410 378 356 42 314 159 81 78 68 78 51 72 52
is_linear=0
shrinkage=0.05


end of trees

feature_importances:
vendor_median_price_36m=44
sire_sold_count_36m=33
log_sire_median_price_36m=31
sire_median_price_36m=29
sire_median_price_12m=27
vendor_sold_count_36m=25
sire_momentum=24
sire_total_offered_12m=20
sex_encoded=20
vendor_total_offered_36m=19
sire_sold_count_12m=16
sire_clearance_rate_36m=15
session_median_price=13
vendor_clearance_rate_36m=13
sire_clearance_rate_12m=10
sire_total_offered_36m=6
log_session_median_price=6
log_dam_progeny_median_price=2
log_vendor_median_price_36m=2
dam_progeny_total_offered_count=1
dam_progeny_median_price=1
log_sire_median_price_12m=1
vendor_volume_bucket_encoded=1
sale_company_encoded=1

parameters:
[boosting: gbdt]
[objective: quantile]
[metric: quantile]
[tree_learner: serial]
[device_type: cpu]
[data_sample_strategy: bagging]
[data: ]
[valid: ]
[num_iterations: 500]
[learning_rate: 0.05]
[num_leaves: 31]
[num_threads: 0]
[seed: 0]
[deterministic: 0]
[force_col_wise: 0]
[force_row_wise: 0]
[histogram_pool_size: -1]
[max_depth: -1]
[min_data_in_leaf: 20]
[min_sum_hessian_in_leaf: 0.001]
[bagging_fraction: 0.8]
[pos_bagging_fraction: 1]
[neg_bagging_fraction: 1]
[bagging_freq: 5]
[bagging_seed: 3]
[bagging_by_query: 0]
[feature_fraction: 0.8]
[feature_fraction_bynode: 1]
[feature_fraction_seed: 2]
[extra_trees: 0]
[extra_seed: 6]
[early_stopping_round: 50]
[early_stopping_min_delta: 0]
[first_metric_only: 0]
[max_delta_step: 0]
[lambda_l1: 0]
[lambda_l2: 0]
[linear_lambda: 0]
[min_gain_to_split: 0]
[drop_rate: 0.1]
[max_drop: 50]
[skip_drop: 0.5]
[xgboost_dart_mode: 0]
[uniform_drop: 0]
[drop_seed: 4]
[top_rate: 0.2]
[other_rate: 0.1]
[min_data_per_group: 100]
[max_cat_threshold: 32]
[cat_l2: 10]
[cat_smooth: 10]
[max_cat_to_onehot: 4]
[top_k: 20]
[monotone_constraints: ]
[monotone_constraints_method: basic]
[monotone_penalty: 0]
[feature_contri: ]
[forcedsplits_filename: ]
[refit_decay_rate: 0.9]
[cegb_tradeoff: 1]
[cegb_penalty_split: 0]
[cegb_penalty_feature_lazy: ]
[cegb_penalty_feature_coupled: ]
[path_smooth: 0]
[interaction_constraints: ]
[verbosity: -1]
[saved_feature_importance_type: 0]
[use_quantized_grad: 0]
[num_grad_quant_bins: 4]
[quant_train_renew_leaf: 0]
[stochastic_rounding: 1]
[linear_tree: 0]
[max_bin: 255]
[max_bin_by_feature: ]
[min_data_in_bin: 3]
[bin_construct_sample_cnt: 200000]
[data_random_seed: 1]
[is_enable_sparse: 1]
[enable_bundle: 1]
[use_missing: 1]
[zero_as_missing: 0]
[feature_pre_filter: 1]
[pre_partition: 0]
[two_round: 0]
[header: 0]
[label_column: ]
[weight_column: ]
[group_column: ]
[ignore_column: ]
[categorical_feature: ]
[forcedbins_filename: ]
[precise_float_parser: 0]
[parser_config_file: ]
[objective_seed: 5]
[num_class: 1]
[is_unbalance: 0]
[scale_pos_weight: 1]
[sigmoid: 1]
[boost_from_average: 1]
[reg_sqrt: 0]
[alpha: 0.5]
[fair_c: 1]
[poisson_max_delta_step: 0.7]
[tweedie_variance_power: 1.5]
[lambdarank_truncation_level: 30]
[lambdarank_norm: 1]
[label_gain: ]
[lambdarank_position_bias_regularization: 0]
[eval_at: ]
[multi_error_top_k: 1]
[auc_mu_weights: ]
[num_machines: 1]
[local_listen_port: 12400]
[time_out: 120]
[machine_list_filename: ]
[machines: ]
[gpu_platform_id: -1]
[gpu_device_id: -1]
[gpu_use_dp: 0]
[num_gpu: 1]

end of parameters

pandas_categorical:[]
